[-186.13062584427334, -87.12190806645502]
[-2.769204640436305, -2.635351768764142]
[-0.2478564510551564, 0.14822944936382498]
[0.15505401826209386, -0.18012468173336416]
[0.3485826916600878, 0.39301300094830083]
[-0.20935785967339537, -0.01128869579791214]
[-1.7554048774001476, -1.8067860967502334]
[0.3402945926605607, 0.1507538412866083]
[-0.18638507002719784, -0.06150604030482931]
[-0.7297867799076041, -0.7229656782574079]
[-0.06108215478651413, 0.13727114916355454]
[-0.18868112536077675, -0.07783805079912653]
[-0.051149625601728976, 0.08921123428252464]
[0.0457085605473555, -0.08126640940562857]
[-0.19060278292523725, -0.09348095090191144]
[-0.05884504967403403, -0.02203183685711857]
[0.009880918925121218, -0.02416341164018565]
[-0.06826217406119445, -0.02437658372496443]
[-0.06376066944204872, 0.024755051337364165]
[-0.0033340167784343677, 0.004736188182332679]
[0.015803161553006984, -0.01987936527363697]
[-0.00518458258184018, -0.018348459598065858]
[-0.04373555533893958, -0.12103707653699303]
[0.030344407651321986, 0.02708108852728941]
[-0.05868960942259571, -0.03501825126794156]
[-0.07732005688179333, -0.04314039125917546]
[-0.015033822187694224, -0.0014665038393948393]
[-0.05119889243897413, -0.04565627166088326]
[0.0014257484881535776, 0.020048452927767357]
[-0.010796159986325549, -0.018520359924923513]
[-0.0361343035023628, -0.008967288680822527]
[-0.003681116274213636, -0.002146047816155683]
[-0.01355111916196039, -0.00544338936087807]
[-0.01867426516381232, -0.009179649056782216]
[-0.0177148542107326, -0.0029063190059117616]
[-0.0014033544648848761, -0.0033706251864598635]
[0.001563876706834999, 0.008353195339582245]
[-0.006784379469479407, -0.00882276505990176]
[0.00035284218695386116, -0.03338435306147092]
[0.016343670632077978, 0.005531211428075444]
[-0.019757105146902987, -0.02218699168818672]
[-0.018220504781032043, -0.0021111336989458884]
[-0.011372582860601277, -0.007574202771098548]
[-0.02563467422804333, -0.017766263387478]
[0.0013751147083986837, 0.007979142463183653]
[-0.012639761466297195, -0.011135860419275279]
[-0.012108857253988553, -0.0018145760426175883]
[-0.0003928248878954932, -0.001075175866491529]
[-0.010835700145219174, -0.0009849625580953258]
[-0.00836177349697631, -0.0030219542274620703]
[-0.00909978874904871, -0.005488680934526036]
[-0.00019863310297824066, -0.0038816102039689188]
[-0.0035949265822763365, 0.006792355767524821]
[-0.005746153165293699, -0.005251313400276292]
[0.005000424895913014, -0.009542531135028912]
[0.008035040036161956, -0.0016561628374156534]
[-0.005795007334429059, -0.013103047395379097]
[-0.002394290109602293, 0.003059527658407557]
[-0.007894671292565603, -0.008315711508778634]
[-0.01310846561187018, -0.006085874237895528]
[-0.00043445980262113437, 0.0031915944749927316]
[-0.011432258353878177, -0.006969887294820953]
[-0.0040368995130311, -0.0005335203524148291]
[-0.0009209142699053707, -0.0017153996421035433]
[-0.007954291109772138, 0.0003482331825175322]
[-0.004684862359790154, -0.00026581730608066234]
[-0.005627599399269045, -0.004785967390654733]
[-1.0497800816522407e-05, -0.0031464250301400966]
[-0.005259408037888047, 0.0030348091566122504]
[-0.004057338266960087, -0.0031937751851962015]
[0.0033214871805603285, -0.0013369751119981926]
[0.0027880461455687122, -0.004011278150592157]
[-9.530172947835869e-05, -0.006560923976822751]
[0.0020899114975038158, 0.00199070905708687]
[-0.0044861472013615344, -0.007356921536878808]
[-0.005520424224002979, -0.0012126874166191737]
[-0.0018154342747145336, 0.0005917205309970974]
[-0.009205827995057203, -0.0036735138807357792]
[-0.0007761479441432684, -0.00026383648749228605]
[-0.0018777146693217395, -0.0022461153319597305]
[-0.005530554755785011, 0.0005750088102862705]
[-0.002918006434569964, 0.0008323758471814324]
[-0.0037575494886541716, -0.003410327208033692]
[-0.0002539837692858704, -0.0021359582253901443]
[-0.0051716288476924555, 0.0001819812876722171]
[-0.002464504741852558, -0.001872527824385229]
[0.0008288453791648887, 0.0009450363750126423]
[-0.00015906246241881132, -0.004224061709662587]
[0.0016368792870267782, -0.0022086441236197144]
[0.002365549874819517, 6.317450813553283e-05]
[-0.0016026410508951372, -0.005519592633064022]
[-0.0010737732913735365, 0.00024738486595099474]
[-0.0024282901210308516, -0.0009216938432634603]
[-0.006491660097905472, -0.0012086124215942018]
[0.00035290387636122134, -0.00022226096963828823]
[-0.0026046875988806617, -0.0022942138150625624]
[-0.0035447492672336933, 0.0004020309659398258]
[-0.0019345745713356122, 0.0010075263807809431]
[-0.0025997945215687768, -0.002099785442327917]
[-0.0005650953180924567, -0.0011824984948938244]
[-0.004288419555177503, -0.0013949444051377657]
[-0.0012711171310582081, -0.0009933012210560643]
[-0.0010010052082337073, 0.0007862373956499802]
[-0.0014291971726889119, -0.003514122888804691]
[0.0013545173140825928, 0.0001934081187453529]
[0.0011692471979102281, -0.0013090061906080863]
[0.0003954714265542447, -0.00336694737541891]
[0.0010143317754213177, 3.914413850042431e-05]
[-0.0023120093297648303, -0.0016603895307291186]
[-0.00377387019329406, 0.00030049682029553715]
[0.00043477331288444, -0.0002590639137568518]
[-0.002881367360227989, -0.001886853303412206]
[-0.0020342325775364323, 0.00014802494412657907]
[-0.0013883379324786116, 0.0007235139145929104]
[-0.0017944105255990328, -0.0011046745762504084]
[-0.0007661575652987418, -0.0004619992136105644]
[-0.003195727639518281, -0.001926563349986976]
[-0.0005337798529163607, -0.0003924494383391042]
[-0.0018598794925837603, -0.0001391224104397848]
[-0.0016257370929987358, -0.0025369962086005393]
[0.0002743043228759512, 0.0010157210771359892]
[-0.00017306645938039433, -0.0018617289565042439]
[0.0013768346650682717, -0.0013884530745182089]
[0.0014099579024156317, -0.0007503274400546267]
[-0.0016961774280877806, -0.0017742601646515421]
[-0.0014979532988926847, 0.0008798960314388427]
[9.174489789331997e-05, -0.0003318323337509338]
[-0.0026720597347537345, -0.001225272826758772]
[-0.0010342996081282863, -5.7252858888134917e-05]
[-0.0011155096334184295, 0.0003160327151958686]
[-0.0011760958360991225, -0.0004582673890873856]
[-0.0008195909977521398, -4.842085656764361e-05]
[-0.002212991713656076, -0.0017967691506716177]
[-0.00016577365165115765, 1.7023334306753846e-05]
[-0.0019125800886752586, -0.0009797262617115]
[-0.0012823455746361345, -0.0016285829266556306]
[-0.0008116433851722282, 0.0007682508635561414]
[-0.0010518204232855544, -0.001763668073877886]
[0.0014575637998309188, 5.574509538064376e-05]
[0.0008006953331297917, -0.0014578241967198313]
[-0.0008937366037363587, -0.0014298707997968674]
[3.3037114379769195e-05, 0.0007372345741693265]
[-0.0002851337825221234, -0.0003948339169891832]
[-0.0020837853586228583, -0.0005583553349127746]
[-0.0005143019051611075, -0.00019001000363359777]
[-0.0009839353853741684, -6.339423578305414e-07]
[-0.0006915800253053384, -9.229980242186908e-05]
[-0.0007713024204233365, 7.99319440649704e-05]
[-0.0014614882227339532, -0.0013683714913624856]
[-2.6294975268070786e-05, 0.0002666665986472694]
[-0.0014966611204207947, -0.001387883531498657]
[-0.0007966350142056822, -0.0009213925648610122]
[-0.001473124080639928, 5.8820654559310626e-06]
[-0.0013138286816810618, -0.0013179386701754059]
[0.0009378730414186798, 0.0007985111720676397]
[-0.00017013360797402122, -0.0017683261560374943]
[-0.0001951112660290577, -0.0008441251843898101]
[0.0007281663669821414, 0.00019405656095236416]
[-0.0004913368164118775, -0.00039431815251615016]
[-0.0013211659457254, -8.504681425020033e-05]
[-0.00036288935076034257, -0.00027226262694499126]
[-0.0008766033288288844, -0.00013985345323430654]
[-0.00035020813064801093, 8.791494703162817e-05]
[-0.0006909015351186376, 1.7632025905989224e-05]
[-0.000939097804029454, -0.000901736091086125]
[1.045429648860452e-05, 0.0003611123760922652]
[-0.0009448390685244945, -0.0013410583066547632]
[-0.00039929672835747887, -0.00043129964797228304]
[-0.0015930470460500945, -0.0007911807628043777]
[-0.001084395562727991, -0.0008029028020794526]
[0.00018997085419267257, 0.0008801336984939345]
[-0.001008565241211734, -0.0016419283754979808]
[0.00021544648375143582, -0.00025025360042330025]
[0.0007099118277938965, -0.000417877901105132]
[-0.00048353269047751724, -0.0002953636499538892]
[-0.0006156681730978934, 0.0001052357940573758]
[-0.00041710173434247877, -0.0003275880699175745]
[-0.0007161536886630682, -0.00012411270298745558]
[-0.0001756641506550638, 0.0001590112228107999]
[-0.0006262854808775642, -0.00011103817947832884]
[-0.0005921661166555237, -0.0005344268428643661]
[1.9248111187829264e-05, 0.0003096620169136255]
[-0.0004872449943509327, -0.0009932719248455513]
[-0.00017008399693496656, -0.00012479901021278383]
[-0.0012807154515049879, -0.0013082217357927028]
[-0.0006102192687425512, -0.00039683320617356355]
[-0.00045971118838569747, 0.0005031909213831787]
[-0.0014401505020635863, -0.0012144236139188802]
[0.00029682184329556105, 0.0001616978110613454]
[0.00025004862529248717, -0.0008505319629640157]
[-0.0003319741224696582, -0.00010598585902632518]
[-0.00014883818269678661, 4.297465296444758e-05]
[-0.0005142964445015441, -0.00035943821928549613]
[-0.0004866089003150928, -3.9505169552978e-05]
[-0.00016697289053739517, 0.00016533240841386763]
[-0.0005852407026608053, -0.0002001810145023375]
[-0.00036694845623680417, -0.00030313333039111087]
[2.241065043898094e-05, 0.00014739190522039536]
[-0.0002229725582945652, -0.0005488351003711256]
[-8.744341995351249e-05, 3.9149346445221944e-05]
[-0.0007577544952210302, -0.0014287177176136034]
[-0.0001325429900068953, -0.00016578121475940844]
[-0.0008144347087000181, -5.475220401651715e-05]
[-0.0014154311363857586, -0.0006877945406054686]
[0.00013397969240967755, 0.00029563528970266706]
[-0.00033266624702010805, -0.0009919602046006004]
[-0.00015386800136064915, 0.00011962212255112181]
[2.5316232309946507e-06, -0.00015625879184577585]
[-0.0005410504001714389, -0.00035300827145473557]
[-0.00023148752212517887, 2.057399131451254e-05]
[-0.0002814367470263257, 0.00012720443621110078]
[-0.0005443764809765494, -0.00019638131704666217]
[-0.00023163196848151324, -0.00018545698701234736]
[1.1688014516730849e-05, -6.327948889456314e-05]
[-0.000143666584981883, -0.00017355579716449299]
[-8.766935180345992e-05, 9.35582366212162e-05]
[-0.0002482792150902968, -0.0012061928841181624]
[0.00019090822669180774, -9.224979519872889e-05]
[-0.0008345592649811051, -0.000538173615298787]
[-0.0010544753037113885, -0.000238599962989694]
[-0.00011998488128356355, 0.00016774493508275867]
[-0.0007747064771910783, -0.0008654408307685602]
[-4.862832787727589e-05, 0.0003018688035905104]
[-0.00012017183196361136, -0.000352264591998358]
[-0.0004584718076690447, -0.00029229471320774136]
[-2.6367604576305048e-05, 9.56690862120857e-07]
[-0.000443500017369286, 5.794552687460319e-05]
[-0.000474037913671968, -0.00010684696533889287]
[-0.00017286863594167395, -0.00014012224481180224]
[-2.4250726658334165e-05, -0.00024955418000245644]
[-0.00018308698047211913, 4.6985416091285814e-05]
[-0.0001114208909921699, 6.617420143600894e-05]
[9.71729502109997e-05, -0.0007944533933696915]
[0.00030921871392880496, -0.00011914923897154983]
[-0.0006087441717284592, -0.0007871945481472131]
[-0.00055689058366791, 3.4800294954173694e-05]
[-0.00031573935290174493, -0.00011497208973249018]
[-0.0009356866468736014, -0.0005847079301110059]
[-5.6620865314715996e-05, 0.00037058709747650465]
[-0.00038768467985794697, -0.0004395978406727119]
[-0.00029609733889304074, -0.00017857065879389733]
[6.15101353120262e-05, -9.62983007211371e-05]
[-0.0005719491374150953, -2.3692083656989826e-05]
[-0.0003626752419797763, 1.8284306162706654e-05]
[-0.00018000470508539035, -0.00013207952818908297]
[-8.201061361731016e-05, -0.0003536678582662855]
[-0.0002662813424795449, 0.00010648302486001432]
[-0.0001260677284279088, -1.210733903572736e-05]
[0.00022965584883513634, -0.00036652661268792713]
[0.00025752746380552916, -0.00018751561524987803]
[-0.00028907534444261307, -0.0007665509821199179]
[-0.00011194959204659238, 0.00012106474216427854]
[-0.00036467431023567976, -0.000406045215521289]
[-0.0008140356213970079, -0.0002890343436373066]
[-0.00015242162497958178, 0.0002970055411783412]
[-0.0006418651683809395, -0.0003830460557723847]
[-0.00012090999930042257, -3.809136247773237e-05]
[7.73485192362422e-06, -0.0002226586534075925]
[-0.0006103782155909912, -9.256804681800901e-05]
[-0.00022729068141108533, 0.00011833239510040949]
[-0.0002317602884567005, -0.0001398407425627357]
[-0.0001420217271668467, -0.00035322838625487935]
[-0.0003406193708275773, 5.0197212394686996e-05]
[-0.00012512580316031887, -0.00010396628759667959]
[0.00018618973157556382, -5.0769825929089e-05]
[0.0001139080844409085, -0.0002565637307185009]
[-1.979128314802403e-05, -0.0005473422194405804]
[0.00016264565530882402, 7.12069286262218e-05]
[-0.00026169430172012786, -0.0005792014859581085]
[-0.0005135017151522737, -8.52109578418081e-05]
[-0.00026874076606830943, 0.00010764872992130581]
[-0.0007582488558272593, -0.00021890021884846123]
[2.2047167675398605e-06, 8.577301946366411e-05]
[-0.00015613935942976331, -0.0003140174931585138]
[-0.0005459504795709696, -0.00012617276276172262]
[-0.0001056654556856329, 0.00015300982992416667]
[-0.0002945063171192544, -0.00015109813629798907]
[-0.0001801259634016672, -0.0002663920279388221]
[-0.0003838058230161978, -5.982490574313326e-05]
[-0.00011501745926351115, -0.00017162408874608556]
[4.872005039710525e-05, 9.925809825876708e-05]
[-4.3273764034693074e-05, -0.00030600377361620495]
[0.00011372448376746613, -0.00025625776887318145]
[0.0002403503021912723, -4.026006819121686e-05]
[-7.068740235965931e-05, -0.0005729919932167919]
[-0.00018073899852268094, -1.5944685611168907e-05]
[-0.00033529676147858734, -0.00012619277399378293]
[-0.0006878783884741689, -2.688502540115767e-05]
[4.074173853868546e-05, 0.0001516889398146537]
[-0.0003557345840128623, -0.0003247713365899796]
[-0.0004084885378353442, -0.00011609314818739058]
[-3.6116719439038825e-05, 0.00011847377730261899]
[-0.00033238647239847846, -0.0001558989280759926]
[-0.00018252984034061726, -0.0001398726110379278]
[-0.00039510908107885656, -0.00017116657945903668]
[-0.00010145648157383613, -0.0001887236358958308]
[-9.985903505353722e-05, 0.00010015783656130983]
[-0.00016205262902010964, -0.00032831135326477114]
[0.00010159573920849596, -1.6399876419097292e-05]
[0.00016804652874123638, -0.00014939257186906418]
[0.0001152302953098816, -0.00040498428658004675]
[5.855638853735634e-05, -6.043337123148862e-05]
[-0.00031303016673203676, -0.0003183016132772033]
[-0.000464731457164802, 0.00011114834514214245]
[4.261044904918521e-06, 0.0001403654015123268]
[-0.0005059739185072284, -0.0002489748422223603]
[-0.00025190626208326794, -7.353481767308212e-05]
[-3.6598307099067195e-05, 4.3516717460223564e-05]
[-0.00032222253542965595, -0.0001442218482918256]
[-0.00015422076042104216, -2.6199557911998905e-05]
[-0.00038121456472853255, -0.00025251084091082454]
[-8.356459470226785e-05, -0.00015055669914684766]
[-0.00020529111788177012, 1.0897791729969075e-05]
[-0.0002233175506003715, -0.00032037614182345124]
[-6.591551618820302e-06, 9.72888401898353e-05]
[2.751680861092648e-05, -0.00022062534323439437]
[0.0002183423890770586, -0.00015370248021425587]
[0.00014169922207629693, -0.00015934541183174056]
[-0.0002089966149141781, -0.0004029406875682706]
[-0.00018017425123197095, 0.0001465850894741827]
[-6.719368902866063e-05, 6.466187422758674e-05]
[-0.0005467616640622841, -0.00012035438284024869]
[-0.00012799499823229477, -2.458812495284568e-05]
[-9.447511563445699e-05, -2.9343393721070754e-05]
[-0.00026382599425284203, -0.00010931158610033576]
[-0.00011601144949474618, 3.870765979402391e-05]
[-0.00034654818619425654, -0.00029223506767234175]
[-5.680047206413352e-05, -7.583871037963874e-05]
[-0.0002504001781433226, -0.00010117989709435005]
[-0.00023232562850816763, -0.0002804475732080536]
[-0.00013671208750554165, 7.468601840265876e-05]
[-0.00010403213277204726, -0.0002469280409831886]
[0.0002067298946755447, 8.050686389009243e-05]
[7.835173077470198e-05, -0.0002485591045821127]
[-6.792898519843334e-05, -0.0003601568338272229]
[6.12151012049228e-05, 7.964999551426932e-05]
[-0.00012703475028252864, -3.5667977297173387e-05]
[-0.00046617491448296133, 6.38977803227303e-06]
[-6.505508294624152e-05, 2.7829884664959392e-06]
[-0.00017210436071167512, -6.671413024045281e-05]
[-0.00017948711795917616, -5.319867980327353e-05]
[-9.241218926907269e-05, 4.763295669457657e-05]
[-0.0002920228507160283, -0.00029100961282180204]
[-2.0041956591748677e-05, 1.985557237293989e-06]
[-0.0002461317887478831, -0.0001860942122187681]
[-0.0002049640994347679, -0.0002106383002658252]
[-0.00022575286240424097, -4.092344034833939e-05]
[-0.00017954346947940403, -0.00023875585211928507]
[0.0001002939069230796, 0.0002174645546485776]
[-6.936193899390042e-05, -0.0002860274477068884]
[5.253548931150043e-05, -0.00022057638488651166]
[0.00018450042432439223, -4.812852626058864e-05]
[-0.0001452452842043237, -0.0001121482037227178]
[-0.0003017725290268558, 8.224531743203367e-05]
[-6.023524947687542e-05, -6.8315514501057426e-06]
[-0.0002249914011497739, -5.9530441412297685e-05]
[-0.0001027008833225651, 1.0846450125001628e-05]
[-9.761987919752659e-05, 1.956982113088257e-05]
[-0.0002198702748674175, -0.00025514777828222757]
[1.9587047520974732e-05, 5.010199175764507e-05]
[-0.00021500051796197184, -0.00022175887249981097]
[-0.0001571331120171493, -0.00012095414449514452]
[-0.00024387280870849515, -0.00018171777367725905]
[-0.00018842985485001407, -0.0002109929122370291]
[-4.592504088872518e-05, 0.0002250152562287555]
[-0.00022205477530615192, -0.0002625662398991063]
[0.0001095244236734294, -4.891435222947882e-05]
[0.00016917183817732884, -0.00017762655175242517]
[-0.00011982394665943641, -0.0001297832994534842]
[-0.00012099103519733895, 8.530569104739372e-05]
[-8.70693648967677e-05, -4.81964368117772e-05]
[-0.00022306610828017048, -2.4123270989051537e-05]
[-6.198170643054168e-05, 6.21029370654648e-05]
[-0.00012757545845643037, -1.4341670423245745e-05]
[-0.00013885073373429146, -0.0001938910714368025]
[4.8126605612722195e-05, 5.0944434199007294e-05]
[-0.00017686185409782063, -0.0002105937604817698]
[-0.00010078599846924385, -3.00215685257732e-05]
[-0.00019739629940099257, -0.00028656855766223677]
[-0.00014738740718608923, -0.00017479774267836756]
[-0.0001702087632854607, 0.0001238017747393627]
[-0.0003167147979254714, -0.00019625853926533154]
[9.249666555395664e-05, 8.524161808848296e-05]
[4.874090079123872e-05, -0.00025924311840728326]
[-7.277695030301345e-05, -8.25921073970004e-05]
[9.289335479001348e-06, 2.762169451101318e-05]
[-0.00011247727679967318, -9.803831568540311e-05]
[-0.00016447614151694073, 9.693115442480082e-06]
[-6.793125441336562e-05, 8.144271192937064e-05]
[-0.00016232671214531924, -2.8299469898324103e-05]
[-6.488377066049544e-05, -0.00011967372492698372]
[5.1851293917729024e-05, 9.09251053626825e-06]
[-0.00014253570129532656, -0.00016874166947636327]
[-4.5142752946050746e-05, 3.9743168650463456e-05]
[-0.00011642839525735638, -0.00032200861749484555]
[-8.448377023534404e-05, -0.00013630447944601443]
[-0.00023036664264997064, -2.93504234338271e-05]
[-0.00032621446946470845, -0.00011720349188612533]
[2.3978663041473308e-05, 0.00013594739220651464]
[-0.00011075932674878275, -0.00027129595114397387]
[-3.4789898531742414e-05, 4.727634958179294e-06]
[5.005076887049098e-05, -5.408285880602326e-05]
[-0.00011383958464374067, -0.00012703256629506554]
[-7.544472497891114e-05, 1.6116458563622017e-05]
[-0.00010965139382770883, 6.105546936584216e-05]
[-0.00017715412770775985, -1.3905268740191379e-05]
[-1.5845453043367153e-05, -4.820161713219202e-05]
[2.563865582946856e-05, -5.2486920436883855e-05]
[-0.00011510562320105056, -0.00011518512170710649]
[9.729092648111393e-07, 7.081430455752047e-05]
[-3.6293191261943525e-05, -0.00028736512919988466]
[-2.5171465304646423e-05, -9.964938039247473e-05]
[-0.00021705579075473325, -0.0001693248189324481]
[-0.0002605418496587075, -5.180829332485093e-05]
[-5.4723746851836896e-05, 9.674077667465308e-05]
[-0.00024137921903730208, -0.00022338264299850974]
[-2.764396244214198e-05, 8.934466686910669e-05]
[2.9967937328900796e-06, -0.00011778688902336354]
[-8.800970170412536e-05, -0.00011496461770285626]
[3.1838874935408157e-06, -1.2949180911211305e-05]
[-0.0001615593420632444, 9.422863787231228e-06]
[-0.00015626725590988863, 1.8364088474395225e-05]
[-3.3658647904874495e-06, 4.181660459002395e-06]
[-2.2618963265802483e-05, -0.00010442577985128598]
[-9.479905787226905e-05, -6.524950456956828e-05]
[2.9058781056093275e-05, 5.855275375368785e-05]
[1.774537813584165e-05, -0.00020621573845019947]
[1.4958838615367065e-05, -7.000406144208604e-05]
[-0.00015099596538900584, -0.00024881750692076765]
[-0.00015382761689319846, -1.359331842637479e-05]
[-0.00010441479188053049, -1.5934092170433178e-06]
[-0.0002992326441704496, -0.00014603390554226992]
[-5.340112464595481e-05, 0.00013065757681701706]
[-9.498833317644895e-05, -0.0001356334796594194]
[-4.912673966488146e-05, -6.1302403211283e-05]
[3.5719999318256646e-05, -6.456691461960429e-05]
[-0.00019646875171458467, -5.156344645559918e-05]
[-0.00010172798432697694, 4.764097421907851e-05]
[-2.6512332408953898e-05, 2.5788685666050526e-05]
[-7.451311954376726e-05, -0.00012487079959696244]
[-8.275048854828465e-05, -2.898030073570897e-05]
[3.375203341288158e-05, 1.3943449714254319e-05]
[3.6970661630719714e-05, -0.00011130309682006422]
[3.062704759278223e-05, -5.356664547981338e-05]
[-6.836312826652424e-05, -0.00025255503712443006]
[-4.588517995760249e-05, -2.602550390917724e-06]
[-0.00010516345740382849, -0.00010840993529781517]
[-0.00027634276083013387, -7.374049450697973e-05]
[-9.497447719411523e-05, 0.00010871272701068468]
[-0.00019138280420377685, -0.00010459482091812466]
[-1.7986997621600997e-05, 1.4117831402038483e-05]
[8.105355493448485e-06, -0.0001125961328611591]
[-0.00019808792097333883, -9.628299091765657e-05]
[-3.30023014990799e-05, 5.557562286055695e-05]
[-7.125074901385975e-05, 1.4915768279721853e-05]
[-0.00010949283846295454, -0.0001085360821912653]
[-8.117528777507738e-05, -1.20819331551128e-05]
[1.6426063912913097e-05, -4.082034919572833e-05]
[2.681787071096703e-05, -3.0741516044148313e-05]
[2.3607872988232192e-05, -5.4426479420707774e-05]
[-2.918120179024042e-06, -0.00019622251828672194]
[3.3114245018145416e-05, -1.0872912457826622e-05]
[-6.245918881911394e-05, -0.0001766376197809838]
[-0.0001962946031012526, -3.0019665982927712e-05]
[-0.00012655226737079417, 3.232813010198288e-05]
[-0.00024165578910968766, -4.456480180647926e-05]
[-9.541291601855573e-06, 8.049908732493671e-05]
[-6.640751375802667e-05, -0.0001318342494393554]
[-0.0001670078343346329, -0.00010714437511766262]
[2.2451652600591343e-05, 3.6503548814847964e-05]
[-0.00011632305320637137, -1.823885648774559e-05]
[-0.00011473385361068789, -6.700733623640417e-05]
[-9.06575935117615e-05, -1.668390023934485e-05]
[-1.3519283188281883e-05, -8.199347715603239e-05]
[-4.49543905420291e-07, 1.951680321229249e-05]
[-6.843119278038268e-07, -7.079715216458393e-05]
[2.6864651744035184e-05, -0.0001136322389758658]
[6.988480055279689e-05, -2.921198379439438e-05]
[-1.0995168126526345e-06, -0.00018163611207865082]
[-9.861383776645777e-05, -2.0580608602327466e-05]
[-0.00012763637015097973, -6.618119109220999e-05]
[-0.00022650716767738666, 1.3652972274291741e-05]
[-2.5176079301830745e-05, 0.00011075082218289789]
[-0.00015434817889342645, -0.00011089619651205584]
[-0.0001180253412708665, -8.252802563935013e-05]
[4.2576119701071e-05, -1.6047033277177825e-07]
[-0.0001426335949760403, -5.501800494311926e-05]
[-9.126714092969057e-05, -2.1026999832682303e-05]
[-0.00010734140579146678, -4.075080032270306e-05]
[-4.1483852230517204e-05, -9.448031128496317e-05]
[-3.295355832341751e-05, 3.622901488133101e-05]
[-3.4901868192754176e-05, -9.375159483434974e-05]
[2.130008045954021e-05, -3.979879794982141e-05]
[6.700364435469758e-05, -5.131626982744081e-05]
[4.869603592301541e-05, -0.00012814539938082493]
[-2.040496065666697e-05, -3.577578340871468e-05]
[-9.332048960980499e-05, -0.0001464291346540067]
[-0.00015631546913799643, 4.366639237299297e-05]
[-5.3185422056289955e-05, 9.412434520850166e-05]
[-0.000217812097574481, -5.750332211074127e-05]
[-7.11199922905914e-05, -3.695303245246362e-05]
[2.1267762983223637e-05, -3.585250613688529e-05]
[-0.00014138468327996867, -7.614611662176696e-05]
[-5.31465548642418e-05, 1.0634410826160234e-05]
[-0.00012273237101328343, -7.700679828870349e-05]
[-5.382707272069687e-05, -7.762346028256095e-05]
[-6.295197478534131e-05, 2.4974245787567906e-05]
[-7.011591488886859e-05, -0.00011006221109215869]
[-5.681570428087146e-06, 2.3648470065945615e-06]
[3.688467037903098e-05, -7.395672505431435e-05]
[6.555592188071079e-05, -4.407699590009903e-05]
[1.6893884309282514e-05, -5.905749297416968e-05]
[-3.603663570728166e-05, -0.00017788794888406144]
[-6.271609785846177e-05, 3.470948641454141e-05]
[-7.624434542394254e-05, 4.07678985688692e-05]
[-0.00023116319246738182, 5.891407055230724e-06]
[-4.126896081901865e-05, 6.522615060150505e-06]
[-2.904167681519465e-05, -5.3308164394860746e-05]
[-0.00011696912347958222, -7.039545344370013e-05]
[-2.0140664486134607e-05, 1.986829083913677e-05]
[-0.00012690076477413215, -0.00011328507423971623]
[-4.433824181585e-05, -4.3954457292355587e-05]
[-8.669434957940536e-05, -4.619020934015783e-06]
[-9.640643555430817e-05, -0.00010812745464151147]
[-3.6011952372932976e-05, 7.28712756056793e-06]
[-5.072521626306448e-06, -9.469597049158521e-05]
[4.51379957966333e-05, 3.4294944821919304e-05]
[1.1618955904628588e-05, -7.612749740334296e-05]
[2.1333218689620348e-05, -0.00015213295512590775]
[1.7279279539240966e-05, -5.75660517439236e-06]
[-8.12102323697883e-05, -2.368684512736195e-05]
[-0.0001910929793782351, 5.330977904727252e-05]
[-3.226028741520892e-05, 2.775537514640436e-05]
[-8.374915011889576e-05, -4.5691939129788306e-05]
[-8.346898908195843e-05, -3.975362835448304e-05]
[-7.794271603023262e-06, 1.142567979472986e-05]
[-0.00011349328985962859, -0.00013557408532818838]
[-1.7489675552040396e-05, -1.1892699502663584e-05]
[-0.00010227334857466214, -4.2120366058800984e-05]
[-0.00010491275210233741, -8.390701789004473e-05]
[-5.601668232511209e-05, -1.6068413239034296e-05]
[-4.528483247040471e-05, -0.00010983440399450067]
[-4.910141716968353e-07, 7.819284672846982e-05]
[-2.248875444050419e-05, -8.038442010895736e-05]
[5.685173020069517e-05, -8.447263337778288e-05]
[5.686652149799673e-05, -5.795527902269226e-05]
[-6.585298519237726e-05, -7.050851186674641e-05]
[-0.0001161442994539047, 6.736247921602934e-05]
[-3.705024299098525e-05, 1.9080910138652256e-05]
[-0.00011793408294508839, -1.9700018013740772e-05]
[-5.690567768307231e-05, 1.6385633301724267e-06]
[-1.9960650316069514e-05, -1.7468047070756665e-06]
[-8.362387733254484e-05, -0.00013320692098109377]
[1.3500867938651129e-05, 3.663999815162189e-06]
[-0.00010794854368077755, -7.765135863879724e-05]
[-9.10861996641088e-05, -4.3530175675154936e-05]
[-6.051167804759991e-05, -5.1649518864216315e-05]
[-7.406587377406515e-05, -0.00011456412794640103]
[-5.056180808852423e-05, 7.645544703363538e-05]
[-6.518086908835485e-05, -7.312297437947306e-05]
[5.952279774727731e-05, -5.249836952714304e-06]
[4.835287216090056e-05, -0.00010021469593727086]
[-3.9234433401036384e-05, -8.10382998148694e-05]
[-3.69111408178302e-05, 4.641664730969941e-05]
[-4.359173262639959e-05, -1.1634651385652832e-05]
[-0.00011776699481796937, 8.609447884638799e-06]
[-4.738044454102863e-05, 3.439501243098636e-05]
[-4.748186238946045e-05, -6.862227105192131e-06]
[-4.6199486492704e-05, -0.00010388011268469555]
[3.303620713508357e-05, -1.8911757015682706e-06]
[-0.00010232107490476539, -0.00010247951997577331]
[-5.7463451826195167e-05, -9.311463891048533e-07]
[-5.1957038106370534e-05, -8.398800243009097e-05]
[-8.596599026367002e-05, -0.00010537994341350276]
[-8.575067162055507e-05, 3.673629190670269e-05]
[-9.840866365984358e-05, -5.992452572656237e-05]
[3.3266348818256075e-05, 5.431995322069394e-05]
[2.9027332669462336e-06, -0.00011844470575493246]
[-1.6060923513201708e-05, -5.444081311589688e-05]
[1.7838994173190875e-05, 3.864968142052762e-06]
[-4.238333488467555e-05, -4.5686321199080865e-05]
[-8.609749066271905e-05, 2.2661420773242846e-05]
[-5.49827315630691e-05, 4.327680485127945e-05]
[-7.343991477214845e-05, 1.4308568376114605e-06]
[-1.4206890391471605e-05, -5.569817993321749e-05]
[3.0787369949457355e-05, -2.1846481087051117e-05]
[-8.595369385974716e-05, -0.00011013621167235699]
[-1.3962454453689266e-05, 2.847329218769179e-05]
[-3.664317810717077e-05, -0.00010295709469301806]
[-7.970365253605338e-05, -8.300852317466578e-05]
[-9.583430223249201e-05, -2.101572964943732e-05]
[-0.00011159831661605724, -4.625400268364055e-05]
[-6.375728877741887e-06, 7.500991785960864e-05]
[-5.7060099540540143e-05, -0.00011055794051379603]
[-8.436937359607155e-06, -6.769243377613421e-06]
[3.265140346969675e-05, -3.940519269392739e-05]
[-3.153108545644878e-05, -6.331993356124832e-05]
[-3.996721633209299e-05, 1.4051096932742382e-05]
[-7.111871355292747e-05, 2.4447095334726582e-05]
[-8.206986577273534e-05, 1.8620775836281078e-05]
[1.24317767555282e-06, -4.644064625828823e-06]
[6.757015379367515e-06, -4.2877443669958604e-05]
[-6.280138540182278e-05, -9.832189635108901e-05]
[2.5215915336081543e-05, 3.491417472431535e-05]
[-2.0737335154230596e-05, -0.00010483550299442146]
[-5.82604884723642e-05, -5.359288608136614e-05]
[-8.196308789240603e-05, -7.453433575158042e-05]
[-0.0001027083125589856, -3.490009674689265e-05]
[-4.045309843499906e-05, 5.574967121857455e-05]
[-0.00010826782726081063, -8.478713285314798e-05]
[-1.9511346252637507e-05, 3.761658775044974e-05]
[9.842967503503885e-06, -6.512838976700103e-05]
[-1.689317244916999e-05, -5.35846210333174e-05]
[-1.7753475671095087e-06, -1.3371060040977267e-05]
[-8.402136806793387e-05, -1.292882145048635e-05]
[-6.672070992432087e-05, 3.364473203150073e-05]
[-3.946005747802739e-06, 3.182696456621422e-05]
[-2.8781260142586584e-05, -5.259003365863657e-05]
[-3.9875926564542086e-05, -7.058790475875142e-05]
[4.713093951614483e-05, 1.8621068731988766e-05]
[-8.183899190383759e-06, -9.088984791855853e-05]
[-2.8690038688555016e-05, -2.68758577438577e-05]
[-5.3677616720287924e-05, -0.00010783172202429026]
[-7.62922518595388e-05, -2.6149059547814213e-05]
[-5.534371087406731e-05, 1.1341344624438143e-05]
[-0.00013509457925711676, -5.389241926856414e-05]
[-4.217379681908939e-05, 5.774254239324095e-05]
[-3.402260492887943e-05, -6.538372072899257e-05]
[-7.75068264033743e-06, -1.942805084881316e-05]
[1.1322406262462281e-05, -4.5838573903885654e-05]
[-8.51937559939453e-05, -5.138514276908923e-05]
[-3.295157954896766e-05, 3.571665492461268e-05]
[-2.5166452979515086e-05, 4.225008300381278e-05]
[-6.036851538649898e-05, -4.580645610350112e-05]
[-2.4772145973066262e-05, -3.625560090619526e-05]
[4.5606747598493647e-05, -1.0725582631085362e-05]
[-7.713643691009686e-07, -6.536834754909768e-05]
[-7.711927283854392e-07, -1.1988699316289875e-05]
[-2.3161027462498263e-05, -0.00011526009675884297]
[-4.0515938833959875e-05, -1.9696371493210796e-05]
[-4.7924288634954015e-05, -3.607915837061659e-05]
[-0.0001332376254650075, -2.879490413343344e-05]
[-6.312309936414018e-05, 4.520249154146838e-05]
[-7.698828827537585e-05, -4.464671436957279e-05]
[-1.0811452890696627e-05, 2.420579568601644e-05]
[-5.245939619369366e-06, -6.689375986593249e-05]
[-7.337887581127661e-05, -7.367449004694326e-05]
[4.527518095182037e-06, 2.0731507992033382e-05]
[-5.164545569617818e-05, 2.6110024236303264e-05]
[-7.483193400457944e-05, -2.6488013113622894e-05]
[-2.219174414549302e-05, -7.697891690916503e-06]
[2.3961138991127062e-05, -3.901120874602593e-05]
[7.160163696673383e-07, -3.416294465339968e-05]
[1.5845580553508487e-05, -1.300969142124797e-05]
[7.643191801687266e-08, -0.00010060641731132747]
[-4.567929342759458e-06, -1.638608725734736e-05]
[-2.530152465907154e-05, -6.721977226226139e-05]
[-0.00010839839832619408, -1.470933402794583e-05]
[-6.987027552834979e-05, 6.8591699998454825e-06]
[-0.00010132409627729155, -1.5962617377990318e-05]
[-2.601411923205954e-05, 5.798025272452101e-05]
[-4.245280560261078e-05, -6.561129902922513e-05]
[-5.4270418913338406e-05, -7.082387059911821e-05]
[2.9248266143533375e-05, -6.217314772800908e-06]
[-7.178623195825545e-05, -6.160429234736142e-06]
[-6.738011632645424e-05, -4.70074123497255e-06]
[-3.142889133326415e-05, 4.3981669279463675e-06]
[-6.534622268482282e-06, -5.4495086997003676e-05]
[-4.298442826093304e-06, -4.189754834607942e-06]
[1.526185391006324e-05, -2.676740731343691e-05]
[1.1860415378046885e-05, -7.304484535966896e-05]
[2.313641023110602e-05, -1.831811469958644e-05]
[-3.549740512642785e-08, -7.284667776571996e-05]
[-7.185942099847964e-05, -1.0958740475575102e-05]
[-5.6949814778439745e-05, -3.954942974872255e-05]
[-9.976506468261509e-05, 6.1796582623008245e-06]
[-4.635572824361611e-05, 6.748344812262941e-05]
[-8.283016736392035e-05, -4.170205723166842e-05]
[-3.6582710057284085e-05, -4.58474565606104e-05]
[3.0868966516439666e-05, -3.34044051557153e-05]
[-7.850151264707141e-05, -3.8192313324608707e-05]
[-4.338520012736602e-05, 9.345996976148352e-06]
[-4.6402119582941714e-05, -4.229901460539587e-06]
[-3.184796424643421e-05, -5.295096784780403e-05]
[-1.587512126633578e-05, 1.7304188400388276e-05]
[-1.8927141799927882e-06, -4.4231916014888335e-05]
[1.297063055674284e-05, -4.259549601041794e-05]
[3.63059719125855e-05, -2.7223439917192782e-05]
[1.6256981005408067e-05, -5.551337703436649e-05]
[-3.55446257992581e-05, -1.3550191479347329e-05]
[-2.8312073679592764e-05, -7.419329722314211e-05]
[-7.6397076060844e-05, 1.2505122794159718e-05]
[-6.163323392785469e-05, 4.96952489461161e-05]
[-0.00010883965988699867, -5.2130807423056424e-06]
[-2.6958533070109425e-05, -1.1543179742390386e-05]
[9.716908341741992e-06, -4.8564752756552476e-05]
[-7.188800850659038e-05, -5.528632423695834e-05]
[-1.5188492820200628e-05, 1.0790892336381974e-05]
[-5.844682985593416e-05, -2.9089841786233972e-05]
[-4.156080490760883e-05, -3.8714189442550645e-05]
[-3.2505416835103274e-05, 2.423676089545468e-05]
[-2.8144230228795142e-05, -5.490751277809937e-05]
[6.895745490870242e-06, -1.7073945750623043e-05]
[3.206117809255102e-05, -4.2329268756566285e-05]
[1.774749319972263e-05, -2.61422987616086e-05]
[-8.493335624484843e-06, -1.840078345381746e-05]
[4.979519276165911e-06, -8.390387595041352e-05]
[-4.287769906897998e-05, 2.1542926988693534e-06]
[-6.388559951821249e-05, 1.3717590293921278e-05]
[-0.00011036039820965307, 2.8642748580109956e-05]
[-2.6576468087818883e-05, 1.622630514629131e-05]
[-2.396240136477712e-05, -4.5177220901165827e-05]
[-5.8119863941344385e-05, -5.0946836747389757e-05]
[4.234288123197705e-06, 2.257647857273337e-06]
[-6.052760744088698e-05, -5.8465872843832534e-05]
[-3.335884978272752e-05, -2.1431501446012025e-05]
[-5.0407442429213634e-05, 1.3888393329664073e-05]
[-5.190697567024338e-05, -5.2001814829026605e-05]
[-2.532623649707799e-06, -1.0810284054585395e-06]
[1.2013810881818243e-05, -5.9380791225206384e-05]
[5.789656154723405e-06, 2.020281006282626e-06]
[4.622497370689038e-06, -2.3290118882166727e-05]
[3.0238846407883158e-05, -6.700336967515805e-05]
[-1.2516779001346678e-05, -1.8458308619379027e-05]
[-5.1541389272033444e-05, -2.4165582767724306e-05]
[-8.809590721416821e-05, 4.66762855626246e-05]
[-3.1145061093723614e-05, 2.624428263508366e-05]
[-5.5307178465998155e-05, -2.566476792453809e-05]
[-4.545997808419466e-05, -2.927453792234136e-05]
[7.464453818703531e-06, -8.255489452935194e-06]
[-5.069451695532967e-05, -7.839789369404326e-05]
[-1.3528654934161222e-05, -1.050634248542237e-05]
[-6.41353245673694e-05, -1.123369645958383e-05]
[-6.231632909725615e-05, -3.570897630138237e-05]
[-1.2407270542219573e-05, 3.656588317885179e-06]
[-1.7535247240574314e-05, -7.180616009192647e-05]
[-1.3080794420784747e-05, 1.8946669610636624e-05]
[3.4021886561319548e-06, -2.7827889992214708e-05]
[3.8924399520755965e-05, -3.257713810884619e-05]
[4.920976588315695e-06, -3.981318632521186e-05]
[-3.0129874319419214e-05, -4.834066108316132e-05]
[-5.195235222755362e-05, 4.3364001071868885e-05]
[-3.399048336076571e-05, 1.6854077892206748e-05]
[-7.183579541865381e-05, 1.232653082383628e-08]
[-3.970441882186759e-05, -2.2544950192687763e-06]
[-4.319515809626806e-06, -1.2302881751885542e-05]
[-3.2973063603919384e-05, -7.890456447104399e-05]
[6.628892133431208e-06, -1.0264683141358866e-05]
[-6.859500475593638e-05, -4.32147120486559e-05]
[-5.40185845711999e-05, -1.2940317084389474e-05]
[-2.0761382339719997e-05, -2.316834135734913e-06]
[-4.696580988250432e-05, -7.365697152768302e-05]
[-3.0913503665186415e-05, 2.068963753665276e-05]
[-9.114239843871497e-06, -3.210120851950904e-05]
[2.994581730503959e-05, 4.720229436962209e-06]
[5.832341096058402e-06, -5.396430438947813e-05]
[-9.334717729949857e-06, -5.0725125807088434e-05]
[-1.581535550214397e-05, 2.2462773862828855e-05]
[-3.027826401506839e-05, -4.096529797008655e-06]
[-6.872804192580018e-05, 1.9462416846291464e-05]
[-4.147836063307653e-05, 1.6508236890675626e-05]
[-2.2705789837797197e-05, -5.891949550113074e-06]
[-1.5237133847434414e-05, -5.8510195795224984e-05]
[1.6551593205141324e-05, -1.826794651146879e-05]
[-6.15335227056868e-05, -7.09634744103238e-05]
[-2.9625516648909556e-05, 6.2936405799962625e-06]
[-2.6044711152119204e-05, -1.642378918706444e-05]
[-6.631496103466639e-05, -6.27738214806356e-05]
[-4.178035835885555e-05, 9.1253933249269e-06]
[-2.7458560626275608e-05, -3.537945817406324e-05]
[9.260766215317406e-06, 3.1389655919547566e-05]
[-7.473822788081619e-06, -5.744866969100955e-05]
[1.9225379129447773e-06, -3.355453847918993e-05]
[8.47555476391447e-06, -5.706358307232696e-06]
[-1.992698308291496e-05, -2.3880033455164415e-05]
[-5.0116574194208896e-05, 2.3937236922809413e-05]
[-4.6624881047660494e-05, 1.840377270113762e-05]
[-3.681258783416741e-05, 8.304007694082127e-06]
[-5.20896222448719e-06, -2.4883935248218997e-05]
[1.1439529206874743e-05, -2.738248863395909e-05]
[-4.507034709767821e-05, -8.431996782796991e-05]
[1.4147611375678326e-06, 1.3918587977557184e-05]
[-2.6939694126287828e-05, -3.410242058474178e-05]
[-6.894354866363028e-05, -4.2342080209617494e-05]
[-4.343694415910593e-05, -1.0348477383598231e-05]
[-4.489312412156443e-05, -3.597406818939275e-05]
[-1.3572884149111453e-05, 4.01867551823587e-05]
[-2.8911683392737753e-05, -5.147552077277434e-05]
[-2.2353330491470258e-07, -7.225474893124417e-06]
[1.527605933912546e-05, -2.9529394387219424e-05]
[-7.646263275387644e-06, -3.1488870200963026e-05]
[-2.6221100374630366e-05, 1.2319464836063089e-05]
[-4.918203178642597e-05, 3.585132719238337e-06]
[-3.885322337642688e-05, 2.2500604165448523e-05]
[-6.686714030423868e-06, 8.726344307801587e-06]
[-5.839019121267608e-06, -3.0204859754703883e-05]
[-2.5216673731162653e-05, -7.832624898197749e-05]
[2.7052248559657297e-05, 7.648234439161516e-06]
[-2.288270024562722e-05, -4.933876226059786e-05]
[-5.432053947485027e-05, -1.980297761519645e-05]
[-3.698716638111943e-05, -3.1500321121258335e-05]
[-5.492986024607793e-05, -3.237382216821072e-05]
[-2.9883754041479943e-05, 3.170500632287965e-05]
[-5.122838609138147e-05, -3.99956528789186e-05]
[-1.3015239822031927e-05, 1.5275423164401447e-05]
[6.043646950462667e-06, -4.11735921099915e-05]
[-1.996735701087493e-07, -2.2858508829728952e-05]
[-8.116016998301057e-06, -8.80106894069789e-06]
[-4.5096999191699544e-05, -1.9734548035513222e-05]
[-2.7721385497714995e-05, 2.8142518532912886e-05]
[-1.7916783423319038e-05, 2.9539320572003272e-05]
[-2.667777507930208e-05, -2.330259591232925e-05]
[-9.390938504855173e-06, -5.558667737414619e-05]
[3.797637673128018e-05, -8.240821323279857e-06]
[-1.490510754592611e-05, -5.617236791038982e-05]
[-2.8484823176959384e-05, -3.520091858388863e-06]
[-2.5368095390734813e-05, -4.90920818907864e-05]
[-5.3201752369558264e-05, -2.479010483191768e-05]
[-3.5224233640565594e-05, 1.2470271291725732e-05]
[-6.804986180850014e-05, -2.7182269084130573e-05]
[-2.8815533229899215e-05, 2.4411382948508198e-05]
[-1.2683655584141973e-05, -3.918650884856406e-05]
[-2.5071145829495822e-06, -2.305409982500395e-06]
[-2.80284907447359e-06, -2.87332089150584e-05]
[-3.457049157300218e-05, -3.979969423682783e-05]
[-9.021596478503424e-06, 2.061469858169549e-05]
[-3.283701063073671e-05, 3.086612232765934e-05]
[-4.1287628574141616e-05, -9.003495094840608e-06]
[-3.0761272536775075e-06, -2.5390853620567595e-05]
[3.1540849933599235e-05, -2.5441573880943813e-05]
[-5.980017262791071e-06, -5.093702269875523e-05]
[-1.706946275735477e-06, 1.1427798490976082e-06]
[-1.1809868240036936e-05, -5.954016570022813e-05]
[-3.917981803001555e-05, -1.5887767362443572e-05]
[-3.0271317551691657e-05, -8.879306910652973e-06]
[-7.504758634575837e-05, -1.5779715366676106e-05]
[-3.9055570630400216e-05, 1.7801199222178266e-05]
[-3.273345567238184e-05, -2.7846337469800142e-05]
[-1.4759416476248927e-05, 2.018697452857432e-05]
[-1.0766555901972619e-05, -3.7962031188498724e-05]
[-2.1822671088196632e-05, -4.7179776698560993e-05]
[8.151511073403728e-06, 1.8210379549676685e-06]
[-4.4390965668876514e-05, 1.469645749843651e-05]
[-4.346174695228286e-05, 6.0812373131814874e-06]
[-7.31118458265588e-06, 2.017000056385443e-07]
[1.2483363371250389e-05, -3.597966205338976e-05]
[-2.608551045377161e-07, -3.424265246473532e-05]
[1.5784212651047402e-05, -5.690414443051961e-06]
[9.698235684807432e-07, -6.08935934636283e-05]
[-1.688298514946479e-05, -9.957159793155812e-06]
[-1.937687207458072e-05, -2.5252865012051484e-05]
[-7.045901278932704e-05, -6.916366434017718e-06]
[-3.8291982099855626e-05, 2.3415921002190032e-07]
[-4.743276958238396e-05, -1.4143676344086087e-05]
[-3.2081358222468825e-05, 3.4158807367512534e-05]
[-2.6742379510225067e-05, -3.24459744458494e-05]
[-1.2564549325493578e-05, -3.9048433370963975e-05]
[1.5824469607086944e-05, -2.065177091329501e-05]
[-4.807876257671012e-05, -9.82095716631215e-06]
[-3.321544987588271e-05, 1.482193065212539e-05]
[-1.8332566893222713e-05, 1.159481021886094e-05]
[-9.747128616898436e-06, -3.607348161779769e-05]
[-1.3043551071337343e-06, -1.1481943501017583e-05]
[1.8130226084087098e-05, -1.8646411556896836e-05]
[1.0812735120671602e-05, -5.28112700779698e-05]
[6.105577417842012e-06, -1.0784805254349106e-05]
[-7.935683603549348e-06, -3.311547341522392e-05]
[-5.528494789826949e-05, -9.558857108626917e-07]
[-2.642871056418583e-05, -1.946912451074312e-05]
[-5.331070477765376e-05, -4.2366950489536315e-06]
[-4.685974574943075e-05, 3.362748911669988e-05]
[-4.283818633059322e-05, -1.4996738217615269e-05]
[-1.0703073851252298e-05, -1.994096836743786e-05]
[1.0794346891315754e-05, -3.724719012260236e-05]
[-4.38945052517771e-05, -3.105565140479327e-05]
[-1.6199394139021495e-05, 1.3478951300053416e-05]
[-2.9574099438302304e-05, 5.778322247559919e-06]
[-2.5605387694631332e-05, -2.7557271530635752e-05]
[-1.0120777109288992e-05, 8.80567487852868e-06]
[6.229417196854277e-06, -2.9932399618799732e-05]
[1.5934300739265522e-05, -3.682805610002657e-05]
[2.1296249283583868e-05, -1.937263532124367e-05]
[-3.638502478475747e-08, -3.251288776020926e-05]
[-3.321248990020148e-05, 1.5984279796016354e-06]
[-8.253476824024442e-06, -3.2843404993723735e-05]
[-5.0213361882011026e-05, -1.1172991532804044e-06]
[-5.244942960802579e-05, 1.9472533156150718e-05]
[-5.2227197547168036e-05, 6.6056923582469285e-06]
[-1.6147821664827533e-05, 1.0675444449548266e-06]
[-4.324083558354674e-06, -4.104734561609369e-05]
[-3.5762559235714975e-05, -4.0327425058522826e-05]
[-4.66447701588657e-07, 3.6476312553074264e-06]
[-3.499772841655119e-05, -1.2591280791285353e-05]
[-2.9705883692748847e-05, -1.631413752162074e-05]
[-2.418602220716909e-05, 1.8302645718601407e-05]
[-1.2934317972480847e-05, -3.327499074090665e-05]
[1.5066852043794238e-05, -1.660643249908056e-05]
[2.2706259733090012e-05, -3.287920757271204e-05]
[2.6352037545834817e-06, -2.5799109515957895e-05]
[-1.0013799927321987e-05, -4.121406660395621e-08]
[9.172164717838327e-06, -3.5245486423866185e-05]
[-4.0406029680150474e-05, -4.280250371205274e-06]
[-4.6318699987238365e-05, -1.6056008577888803e-06]
[-5.169372318030406e-05, 2.3521704862472514e-05]
[-2.4892814159196974e-05, 1.5073177182980957e-05]
[-2.285642090447959e-05, -3.09466352613752e-05]
[-2.8961726052642578e-05, -3.548659111260455e-05]
[7.5777072991445316e-06, -8.717216653381099e-06]
[-3.203886886809365e-05, -3.36198153570999e-05]
[-2.274329158533095e-05, -8.752895579652864e-06]
[-3.8155005927385105e-05, 1.2592378123871262e-05]
[-2.9678381382972074e-05, -2.6939742919934902e-05]
[8.06314472601849e-06, 2.4380340895718833e-06]
[9.54248088807022e-06, -4.5554095791197624e-05]
[5.452333446502589e-07, -1.6136598921289227e-05]
[7.827114315569345e-06, -6.22278318370556e-06]
[1.9777775079287546e-05, -2.7039370218671227e-05]
[-2.742295180918619e-05, -1.1027202022464988e-05]
[-3.108655588518472e-05, -2.067961878896192e-05]
[-4.217749842369903e-05, 2.9738068226745074e-05]
[-3.1252762696096226e-05, 1.748816064616604e-05]
[-3.746518519200451e-05, -1.1910314979157732e-05]
[-2.706209780667379e-05, -2.111303280863397e-05]
[5.9841089770779066e-06, -1.656150676587753e-05]
[-2.2677213689009657e-05, -4.6892798301029215e-05]
[-1.0375079565083656e-05, -8.313457596983986e-06]
[-4.612325743449247e-05, -6.619751036968102e-06]
[-3.608809399392732e-05, -1.433083080338432e-05]
[-3.4506563888758723e-06, 1.4514888698177741e-05]
[-1.3179985415612272e-05, -5.134133212505998e-05]
[-4.674510424948486e-06, -6.531949565583006e-06]
[1.5130900280924814e-05, -1.5876806233257844e-05]
[2.0818527102580905e-05, -1.2446888478318853e-05]
[-1.512993342023608e-05, -1.8306465777377656e-05]
[-1.3062007862947589e-05, -3.0759428253441384e-05]
[-2.7553270616494097e-05, 2.4168001556384988e-05]
[-3.096960339669941e-05, 9.677942195397693e-06]
[-4.338655533127171e-05, 7.628012634181003e-06]
[-3.0060030906609025e-05, -5.549510506547284e-06]
[-2.4060104409015515e-06, -1.546859188528149e-05]
[-1.2152932804487815e-05, -4.619858585584724e-05]
[1.0783836912331424e-07, -1.383928168502413e-05]
[-4.439526031507768e-05, -3.193836381318316e-05]
[-2.9449710022666498e-05, -1.9662595026059826e-06]
[-1.6025590200046194e-05, 1.5568924240205728e-05]
[-3.654052550040865e-05, -4.686360028455239e-05]
[-1.1153587521899044e-05, 4.807174059373587e-07]
[1.0031133017437965e-05, -2.6166341768890308e-05]
[1.3388378898228359e-05, 2.905952153978153e-06]
[-7.025707652363704e-06, -2.3999656502238448e-05]
[8.341332587536538e-07, -2.9525762793759878e-05]
[-1.2617628986619223e-05, 1.0296216178332096e-05]
[-2.348978395504825e-05, -2.432437132982284e-06]
[-4.0036886748383294e-05, 1.9783327454711563e-05]
[-3.4645484565803963e-05, 3.5106834113222962e-06]
[-1.1985055559405114e-05, -5.901287819812251e-06]
[-6.084807708028883e-06, -3.2056204957123247e-05]
[3.4948568305923078e-06, -2.055385451105174e-05]
[-3.335344113633565e-05, -5.331399074365306e-05]
[-1.3103547634771284e-05, 4.0184792110126155e-06]
[-2.5340757610146925e-05, 5.212378311580945e-06]
[-5.140107889924084e-05, -3.322067853911426e-05]
[-1.7190828546240558e-05, 2.9074602761330892e-06]
[-4.966571309328316e-06, -3.328321061357026e-05]
[1.2384940400941846e-06, 1.4354239652153433e-05]
[-5.5755276680141685e-06, -2.717540953188404e-05]
[6.16119908463178e-06, -1.958266186345009e-05]
[-1.3415203966391648e-06, -6.045523315323029e-06]
[-1.2226148450738411e-05, -1.177118005969962e-05]
[-3.051554635115361e-05, 2.0639125988555773e-05]
[-3.632660796857451e-05, 2.6222021938440004e-06]
[-1.748770064963559e-05, 7.149931737143733e-06]
[-7.5477261925332995e-06, -1.099490438830758e-05]
[-1.0869779995888347e-06, -2.2956747548902312e-05]
[-1.741580661919484e-05, -6.234906120577977e-05]
[5.528125875869927e-06, 9.801469123271733e-07]
[-2.7935688534319603e-05, -1.260736144798047e-05]
[-5.224492735109165e-05, -1.5613759744334543e-05]
[-2.1222857686575836e-05, -4.281203900280417e-07]
[-2.359521150629984e-05, -3.415522080165573e-05]
[-1.1199681308530357e-05, 1.9478118419999357e-05]
[-1.148364483016806e-05, -2.7581018909646898e-05]
[2.6043284631627195e-06, -6.502230047542024e-06]
[4.01104289601828e-06, -1.9417854680266536e-05]
[-2.7351295918617846e-06, -1.3665766348147645e-05]
[-1.960509646933492e-05, 1.1531066441760468e-05]
[-3.214334030347474e-05, -6.272887005735663e-06]
[-1.652196986506871e-05, 1.682012510512143e-05]
[-1.5621430304813e-05, 7.864505694395e-06]
[-1.0311399809215943e-05, -1.7979567939821472e-05]
[-3.0328057527839736e-06, -5.588511569609017e-05]
[1.862361088445126e-05, -9.078011527774432e-06]
[-2.2919557039716154e-05, -3.081868070693716e-05]
[-3.941000317819049e-05, -9.342733299083639e-07]
[-2.1783866039161437e-05, -9.302323742174656e-06]
[-3.8120805717842265e-05, -2.8164778035771887e-05]
[-2.051418511640063e-05, 1.811088277851869e-05]
[-2.3129511710143213e-05, -2.5063983160981962e-05]
[-6.431721228074977e-06, 4.070117210722146e-06]
[2.9226968704249012e-06, -2.669944504350881e-05]
[1.6581561652212473e-07, -7.788147182934135e-06]
