[-127.79162115376838, -151.28027181953732]
[-1.6922695903818408, -31.193148342485603]
[0.1516415986937787, -6.449266426551787]
[0.11314850349020489, -0.1619767953290916]
[-0.00445098037249636, 0.11196867357213414]
[-0.11918196886008658, -0.6951151165217944]
[-0.0433789949432537, 0.25575983351959586]
[0.02130180832401951, -0.012192787873755773]
[0.0019108338437359151, 0.0005447984047570742]
[-0.03728769009362942, -0.1354290783917751]
[-0.017770104200031334, 0.08437020037664134]
[0.007702543579400034, 0.0009218708736598025]
[-0.00026360358909460757, -0.005478359046124925]
[-0.017156879407602688, -0.049497342211396234]
[-0.008415029583970224, 0.0380647805580665]
[0.0032867479558690293, 0.0031170463040377516]
[-0.0013024045235994208, -0.005205751113416701]
[-0.00928699282484935, -0.024542452659588765]
[-0.004228709110839279, 0.020979474362106565]
[0.0013091801800849678, 0.003335845657312486]
[-0.0017783217037967702, -0.004297639903116823]
[-0.005419904653527929, -0.014515907013280538]
[-0.0020676100951995124, 0.013073298660906119]
[0.0002601077001254115, 0.0030787415005661956]
[-0.0019883526938526686, -0.0034442317504762565]
[-0.0032468035675803364, -0.009583354281636591]
[-0.0008483988824337096, 0.008804189542579]
[-0.00035234086651703134, 0.002707456275788722]
[-0.0020607353331829614, -0.0027293920725856013]
[-0.0019172438218015841, -0.006790646088288721]
[-0.00012405184828834237, 0.006230427794832405]
[-0.0007283327777602988, 0.002326315931949985]
[-0.002055400191065093, -0.002141152037387406]
[-0.0010578830647678394, -0.0050369723819919665]
[0.00031597175952402523, 0.004547145643451156]
[-0.0009625245625158874, 0.0019673267766195934]
[-0.002003018045951599, -0.0016557298858633773]
[-0.00048335936012167124, -0.0038457021344808773]
[0.0005812468109327451, 0.0033767532130677402]
[-0.001104907859769022, 0.0016394686330953867]
[-0.001920658032377176, -0.0012524958164279454]
[-9.274872719178262e-05, -0.0029861993373710982]
[0.0007334689568383457, 0.002524494902814922]
[-0.0011842833264146257, 0.0013439609229988214]
[-0.0018185837776854008, -0.0009156512369757897]
[0.00017304590408562248, -0.00233684792940847]
[0.0008096910983915739, 0.0018820777410930578]
[-0.0012184870086954236, 0.0010794583566968718]
[-0.001703431813788736, -0.0006334035023843887]
[0.0003507644252924713, -0.0018289574825228194]
[0.000833419258454926, 0.0013854682407568042]
[-0.0012192791866874053, 0.0008439048600492605]
[-0.0015797951063443172, -0.0003969087056503451]
[0.0004644432742983984, -0.0014214692878628532]
[0.0008202942446354222, 0.0009947888769326063]
[-0.0011948586370532643, 0.0006351899297754038]
[-0.0014510539453076454, -0.0001994197152442867]
[0.000530526427293676, -0.0010886285958361108]
[0.0007811716140091463, 0.0006840591978622967]
[-0.0011512334316001738, 0.00045135656961692305]
[-0.0013198303514507792, -3.566766216867023e-05]
[0.0005607202855089088, -0.0008135780112660806]
[0.0007238719418587447, 0.0004356519573293083]
[-0.001093004289036914, 0.00029064034158121643]
[-0.0011882446577886618, 9.857306490079765e-05]
[0.0005636606921141096, -0.0005848439359994184]
[0.0006542154923778187, 0.0002371491521178104]
[-0.0010238294696636174, 0.0001514483651863241]
[-0.0010580637985964092, 0.00020678820781450113]
[0.0005459230639679458, -0.00039431976562410986]
[0.000576654599391907, 7.948465807067207e-05]
[-0.0009467090955477264, 3.232138342190716e-05]
[-0.0009307883308631304, 0.000291935132401111]
[0.0005126538187607554, -0.00023606250663120443]
[0.000494671354537457, -4.419175516767737e-05]
[-0.0008641631630579294, -6.81043220358557e-05]
[-0.0008077039299276834, 0.00035659040475799486]
[0.0004679755774988359, -0.0001055508283993381]
[0.00041103401721370725, -0.00013922979613283093]
[-0.000778345009497361, -0.0001511291814108029]
[-0.0006899119765564343, 0.00040305266078566326]
[0.000415253076937544, 7.850287204735906e-07]
[0.00032796611873497916, -0.00020994018898415345]
[-0.0006911146238435251, -0.00021801520099096194]
[-0.000578347809360169, 0.00043341391742846014]
[0.00035727110530400785, 8.586769858401344e-05]
[0.0002472604498216513, -0.00025989829873765413]
[-0.0006040865327692213, -0.00027000365096851997]
[-0.00047379181562356987, 0.00044960838960905747]
[0.0002963556930327127, 0.00015217312051590826]
[0.0001703576721709954, -0.000292146854159514]
[-0.000518661429236289, -0.0003083264200161029]
[-0.0003768765561340537, 0.00045344513983169854]
[0.0002344580949601438, 0.0002018638812070761]
[9.840196113408695e-05, -0.00030933267426644373]
[-0.0004360474006255277, -0.00033421204067174415]
[-0.00028809193280698864, 0.0004466290463380762]
[0.0001732140853522024, 0.00023687824722484763]
[3.228164359625474e-05, -0.0003137993623496538]
[-0.0003572745852895576, -0.0003488873651124047]
[-0.00020778967470408416, 0.00043077332402507995]
[0.00011398676390414475, 0.00025898933135803937]
[-2.7339967190620484e-05, -0.00030765014330971785]
[-0.0002832058060739939, -0.00035357577865055556]
[-0.00013618794887410024, 0.00040740597396748957]
[5.789834032512986e-05, 0.00026984379227523725]
[-8.000009611375258e-05, -0.00029279021196074173]
[-0.00021454490071493026, -0.00034949273397272274]
[-7.337659495543214e-05, 0.0003779719365715195]
[5.85459784702147e-06, 0.00027098633763056323]
[-0.000125416092477737, -0.00027095492354808903]
[-0.00015184391695755028, -0.0003378392892786075]
[-1.932327355608221e-05, 0.00034383229735046594]
[-4.1435431307718096e-05, 0.00026387431746577317]
[-0.0001634675414919906, -0.00024372819371312748]
[-9.550996245688559e-05, -0.0003197942442473012]
[2.61193278560945e-05, 0.00030626158627178324]
[-8.344283530589691e-05, 0.00024988540672188364]
[-0.00019417988198699998, -0.0002125541802431019]
[-4.581223553323799e-05, -0.00029650539191361514]
[6.320519153918402e-05, 0.0002664439817823272]
[-0.00011980403722328115, 0.00023032052351035226]
[-0.00021770886791949717, -0.00017874444399526568]
[-2.8895718858779063e-06, -0.0002690803365859862]
[9.228560554389031e-05, 0.00022546905777831583]
[-0.00015030703820434477, 0.00020640355057743864]
[-0.0002343254626022695, -0.00014348218498377863]
[3.3241297553332494e-05, -0.00023857726887296926]
[0.00011379883270007385, 0.0001843275760502472]
[-0.0001748781456041293, 0.00017927902743919422]
[-0.00024440093191180345, -0.00010782472382764308]
[6.267668675985494e-05, -0.00020599603637844188]
[0.00012825894719925568, 0.00014390771711575434]
[-0.00019356884184407175, 0.00015000869450321197]
[-0.00024839203070037286, -7.27050931979556e-05]
[8.56160821744445e-05, -0.00017226979866280523]
[0.00013624400452769136, 0.00010499205361741426]
[-0.0002065425954267952, 0.00011956756268127755]
[-0.00024682626738958824, -3.8933376729111124e-05]
[0.00010235150755799616, -0.0001382575097935712]
[0.00013838373124797076, 6.825549412176057e-05]
[-0.00021406152463798733, 8.884002402020919e-05]
[-0.00024028729708103214, -7.198262461760585e-06]
[0.00011325622238478328, -0.00010473742824451682]
[0.0001353469345722058, 3.426435990910859e-05]
[-0.00021647290430892863, 5.86163980809129e-05]
[-0.00022940053765219126, 2.1930855881868716e-05]
[0.00011877288512940343, -7.240181172626925e-05]
[0.00012782883870715578, 3.476700704399538e-06]
[-0.00021419556589141742, 2.9590210755547908e-05]
[-0.00021481913317322743, 4.8001000916730874e-05]
[0.00011940133739091197, -4.185291530888098e-05]
[0.00011653855515988965, -2.3756095999569182e-05]
[-0.00020770628352284604, 2.35642301360528e-06]
[-0.00019721040578835058, 7.067181355879804e-05]
[0.00011568618230106686, -1.3600372001473793e-05]
[0.0001021868902129075, -4.718639143414319e-05]
[-0.0001975262691719104, -2.2589240973869273e-05]
[-0.0001772429453038571, 8.971076016073276e-05]
[0.0001082043405491312, 1.1940001800214706e-05]
[8.547468358466315e-05, -6.666610695854613e-05]
[-0.00018420791846784912, -4.484977354796138e-05]
[-0.00015557448478886737, 0.00010498732824548718]
[9.755277060494172e-05, 3.4445967890844864e-05]
[6.708185857745574e-05, -8.214132492809223e-05]
[-0.0001683219595469687, -6.412512886477817e-05]
[-0.00013284070410335413, 0.00011646624108441195]
[8.433653824717335e-05, 5.3687220104126077e-05]
[4.7657347540919215e-05, -9.364577321041567e-05]
[-0.00015044515951512238, -8.020923424911786e-05]
[-0.00010964509067157291, 0.00012419976133293265]
[6.915741377805373e-05, 6.952238610158368e-05]
[2.7810036597464283e-05, -0.00010129331310555767]
[-0.0001311487405890599, -9.29858072989398e-05]
[-8.654997140056242e-05, 0.00012831918450662005]
[5.260316337937776e-05, 8.189475915809652e-05]
[8.100850356740352e-06, -0.00010526957274219206]
[-0.00011098764801387162, -0.00010242304949734105]
[-6.406880883563781e-05, 0.00012902565021977175]
[3.523768734295385e-05, 9.082686818351338e-05]
[-1.0963925876517067e-05, -0.00010582288301663745]
[-9.049079960854467e-05, -0.0001085673164348544]
[-4.265983343867963e-05, 0.00012658041716728796]
[1.7592138918692823e-05, 9.64140140543579e-05]
[-2.8938015528612304e-05, -0.00010325468668628823]
[-7.01524299284717e-05, -0.00011153588799736602]
[-2.272106001530161e-05, 0.00012129476176264697]
[1.5713688444884966e-07, 9.881691797536396e-05]
[-4.543916743127152e-05, -9.790959902719609e-05]
[-5.0424621689360016e-05, -0.00011150897967227014]
[-4.586710802417793e-06, 0.0001135196699980634]
[-1.662383686901192e-05, 9.82536427979186e-05]
[-6.015180117846519e-05, -9.016530071200013e-05]
[-3.171109599819921e-05, -0.00010872115154711426]
[1.1474956631798983e-05, 0.00010363549479519563]
[-3.235978899696068e-05, 9.499095619014408e-05]
[-7.282829040688998e-05, -8.042244507040774e-05]
[-1.436230964541041e-05, -0.00010345228152718045]
[2.5262443348439412e-05, 9.204175038368678e-05]
[-4.671627344221552e-05, 8.933531282012686e-05]
[-8.328891731534949e-05, -6.909475534463971e-05]
[1.3281172748236258e-06, -9.601827376669314e-05]
[3.6640476263893884e-05, 7.914721155122262e-05]
[-5.9418141268363645e-05, 8.162363372266057e-05]
[-9.14205567750237e-05, -5.659948072794796e-05]
[1.5125643124225263e-05, -8.676167687553249e-05]
[4.5538221179752814e-05, 6.536047491631503e-05]
[-7.02509905499693e-05, 7.221405966983951e-05]
[-9.717417062682365e-05, -4.3348368443801855e-05]
[2.6855740871523093e-05, -7.604238217052972e-05]
[5.194633607490118e-05, 5.1081129221447474e-05]
[-7.906134868468362e-05, 6.147685152618765e-05]
[-0.00010056121201074131, -2.9739293497005326e-05]
[3.640357582879172e-05, -6.422856748705685e-05]
[5.591297653812638e-05, 3.669166532860313e-05]
[-8.575564368190625e-05, 4.978560031604351e-05]
[-0.00010164905832610316, -1.6148672596472124e-05]
[4.3712493866060464e-05, -5.168804258611631e-05]
[5.7538880921463587e-05, 2.255023914365939e-05]
[-9.029804089494275e-05, 3.750890009085461e-05]
[-0.00010055560474636627, -2.9247677733601485e-06]
[4.878140936126485e-05, -3.878013886172288e-05]
[5.6971676119871306e-05, 8.984382037127703e-06]
[-9.270724152832255e-05, 2.5002621256264845e-05]
[-9.744316253490481e-05, 9.618034359948346e-06]
[5.1661199074015673e-05, -2.5848271853791405e-05]
[5.439955386873918e-05, -3.7142686074576048e-06]
[-9.305235577694582e-05, 1.2602905458514169e-05]
[-9.251181461922275e-05, 2.1203903756983333e-05]
[5.2450223104516525e-05, -1.32132876838921e-05]
[5.004447384147903e-05, -1.529416807195469e-05]
[-9.144797671301053e-05, 6.199853668231725e-07]
[-8.599238526196817e-05, 3.159916795808515e-05]
[5.1289106983973265e-05, -1.167684304276273e-06]
[4.415505362773131e-05, -2.5546962980082383e-05]
[-8.804859248900954e-05, -1.066708828917351e-05]
[-7.813918285970445e-05, 4.061481433931258e-05]
[4.835492693359977e-05, 1.0029220368162894e-05]
[3.699930432410348e-05, -3.4309484870383156e-05]
[-8.304248215496024e-05, -2.101475120785956e-05]
[-6.922267323072884e-05, 4.810789741382937e-05]
[4.385494749084562e-05, 2.0155124403120617e-05]
[2.8857368230605918e-05, -4.146465381826836e-05]
[-7.664524442207998e-05, -3.0218221277078516e-05]
[-5.952223540400814e-05, 5.398187745880856e-05]
[3.802006281852788e-05, 2.9027553524990646e-05]
[2.0014407997093198e-05, -4.6941329295405176e-05]
[-6.909311063946211e-05, -3.8113768045966445e-05]
[-4.931914474057275e-05, 5.8185936367860513e-05]
[3.10980927565041e-05, 3.650564184479177e-05]
[1.0753787373751766e-05, -5.0713164956472934e-05]
[-6.063619149904165e-05, -4.457995986364982e-05]
[-3.8889917752971126e-05, 6.071333547497115e-05]
[2.334708183220069e-05, 4.249089684763008e-05]
[1.3506724594325448e-06, -5.2796541096689076e-05]
[-5.153180157446702e-05, -4.953791240247529e-05]
[-2.850013946226193e-05, 6.159889795548379e-05]
[1.5028742657768879e-05, 4.692698316322019e-05]
[-7.93383220054622e-06, -5.324766500830469e-05]
[-4.203799927243734e-05, -5.295058336032832e-05]
[-1.8398880258313488e-05, 6.091571150024233e-05]
[6.402176184722164e-06, 4.979857836706625e-05]
[-1.6857914206858116e-05, -5.215894280909128e-05]
[-3.240746859856092e-05, -5.4821174561139885e-05]
[-8.813791551959271e-06, 5.877116062569243e-05]
[-2.2820094475739516e-06, 5.112937199819312e-05]
[-2.520356884683217e-05, -4.965473613764704e-05]
[-2.2881857365431024e-05, -5.519071970530587e-05]
[5.304773463554735e-08, 5.530240646922646e-05]
[-1.0787074246357276e-05, 5.09792924305863e-05]
[-3.278033731801688e-05, -4.588662661418608e-05]
[-1.3686672075741146e-05, -5.413494984908562e-05]
[8.028480611696476e-06, 5.067143860520984e-05]
[-1.8894922920009716e-05, 4.9441060357591216e-05]
[-3.9428223461701606e-05, -4.1028314691313184e-05]
[-5.026813109265671e-06, -5.1760539232836855e-05]
[1.4970784030204909e-05, 4.505982812885723e-05]
[-2.6410206997534713e-05, 4.6636176834147225e-05]
[-4.501976482396142e-05, -3.527028280587985e-05]
[2.9171823608398206e-06, -4.8200844364174045e-05]
[2.0771328385765786e-05, 3.866331079477314e-05]
[-3.316369448497225e-05, 4.271046137854784e-05]
[-4.9461252984828175e-05, -2.8814352212191974e-05]
[9.992141255132925e-06, -4.361125400133975e-05]
[2.535538931190684e-05, 3.168632858047138e-05]
[-3.901486683083322e-05, 3.782926106837836e-05]
[-5.269311620964556e-05, -2.1868259014456992e-05]
[1.607446856918826e-05, -3.816427200939443e-05]
[2.8682134049655417e-05, 2.433665267151386e-05]
[-4.3853721886727426e-05, 3.2172452911982674e-05]
[-5.468949555925695e-05, -1.4640369836282918e-05]
[2.107156214170569e-05, -3.204445569644776e-05]
[3.07438216995623e-05, 1.682020395271655e-05]
[-4.760177977780611e-05, 2.5929361101739712e-05]
[-5.545706190024369e-05, -7.334649435197793e-06]
[2.4922434307683705e-05, -2.544332961470358e-05]
[3.1564272614061084e-05, 9.336178533936312e-06]
[-5.021230566243373e-05, 1.9293708317436042e-05]
[-5.5033135362592134e-05, -1.4598149031264107e-07]
[2.759756325243501e-05, -1.8554390970506457e-05]
[3.11966754911186e-05, 2.07257398798788e-06]
[-5.1669780922858344e-05, 1.2458713212648576e-05]
[-5.348318249176476e-05, 6.744066975927776e-06]
[2.9098012956349506e-05, -1.1568315903695559e-05]
[2.9720812499009486e-05, -4.797800860680684e-06]
[-5.198866881367392e-05, 5.61243955893298e-06]
[-5.0897776141589635e-05, 1.317096197139822e-05]
[2.9453875642723726e-05, -4.668466282567452e-06]
[2.7239792762270842e-05, -1.112076333902208e-05]
[-5.1211534960238225e-05, -1.0665082795235925e-06]
[-4.7389112149964774e-05, 1.8990338052637945e-05]
[2.8722103108926034e-05, 1.973213557146525e-06]
[2.3876391335164726e-05, -1.6763588090256548e-05]
[-4.940659502306044e-05, -7.412860509148356e-06]
[-4.3087182860390705e-05, 2.4080506940193924e-05]
[2.6983804269339884e-05, 8.199833124750144e-06]
[1.976909562309559e-05, -2.161719438553006e-05]
[-4.666477135700786e-05, -1.3278057166887791e-05]
[-3.813571075764188e-05, 2.8344309781269672e-05]
[2.4341095602925522e-05, 1.3872662573577443e-05]
[1.5067964127202238e-05, -2.559766726907553e-05]
[-4.3096348644522386e-05, -1.853306771879004e-05]
[-3.268794708699563e-05, 3.171029906473555e-05]
[2.0913596957140845e-05, 1.8873660767596e-05]
[9.930401531188515e-06, -2.864710740237142e-05]
[-3.8827323917300927e-05, -2.3070614108389176e-05]
[-2.6902439118320354e-05, 3.4133251993639924e-05]
[1.6834670278603747e-05, 2.310739175603871e-05]
[4.516952639227467e-06, -3.073381874907355e-05]
[-3.399554907940194e-05, -2.680677103419904e-05]
[-2.0938865834874143e-05, 3.559403288572183e-05]
[1.2247500119827448e-05, 2.65023111379048e-05]
[-1.0127875452181634e-06, -3.1851858924319965e-05]
[-2.874676536057663e-05, -2.9681933294306573e-05]
[-1.4954036761452572e-05, 3.6098835601683366e-05]
[7.301114938532138e-06, 2.90114197421254e-05]
[-6.504056374201372e-06, -3.2019989891649e-05]
[-2.3230627140713445e-05, -3.1661154256512614e-05]
[-9.098140615879102e-06, 3.567785074193308e-05]
[2.1464449181662903e-06, 3.061229569106816e-05]
[-1.181051662274557e-05, -3.128007998906557e-05]
[-1.7596809638531496e-05, -3.2733874846382904e-05]
[-3.511321943136525e-06, 3.438341283251711e-05]
[-3.0674916184081358e-06, 3.130653127522698e-05]
[-1.679748691485461e-05, -2.9695017474004604e-05]
[-1.1991288303370151e-05, -3.291307434630242e-05]
[1.6793477669030388e-06, 3.2287694017280044e-05]
[-8.197188715600157e-06, 3.111861239218916e-05]
[-2.134474861914537e-05, -2.7346206138298412e-05]
[-6.552871280152139e-06, -3.2233887901980673e-05]
[6.362448782437635e-06, 2.948001727726135e-05]
[-1.3107963413402923e-05, 3.009429063749458e-05]
[-2.534887998129065e-05, -2.433071965386724e-05]
[-1.4100566977925943e-06, -3.075174549448112e-05]
[1.0444299171803728e-05, 2.6063869026204944e-05]
[-1.767690967251212e-05, 2.8298507691537633e-05]
[-2.8725081440583722e-05, -2.0758196609849122e-05]
[3.3217238273874905e-06, -2.854009621157394e-05]
[1.3850518851353522e-05, 2.215369484864782e-05]
[-2.1795439496763436e-05, 2.5812940129432693e-05]
[-3.1408469168214825e-05, -1.6747560794019845e-05]
[7.542424978357332e-06, -2.5687789675814254e-05]
[1.652705515507724e-05, 1.787156324448147e-05]
[-2.537136754465763e-05, 2.2733238271843703e-05]
[-3.335482779098786e-05, -1.2423652925253048e-05]
[1.1169233422259062e-05, -2.2296190464565768e-05]
[1.8440667641540787e-05, 1.3343783438021783e-05]
[-2.8330507036794517e-05, 1.916603841639608e-05]
[-3.454082543852266e-05, -7.913857518193623e-06]
[1.413791369508921e-05, -1.8476106102748024e-05]
[1.957888178905076e-05, 8.697559794212939e-06]
[-3.0617758426665365e-05, 1.5225828811027409e-05]
[-3.4963707741642036e-05, -3.344806823096791e-06]
[1.6403641888498854e-05, -1.4344609817334986e-05]
[1.9949433942283157e-05, 4.057762166054246e-06]
[-3.219768449905236e-05, 1.1031750925982742e-05]
[-3.464049861090501e-05, 1.1607618758402438e-06]
[1.794132734163345e-05, -1.0021838704960331e-05]
[1.957924109361603e-05, -4.561142343817437e-07]
[-3.305457799482325e-05, 6.704416058600504e-06]
[-3.360674630847882e-05, 5.486925803682707e-06]
[1.8745434208308764e-05, -5.627846272481148e-06]
[1.8512938638186316e-05, -4.732733813550202e-06]
[-3.3192040211571516e-05, 2.362813253248275e-06]
[-3.191486321971193e-05, 9.5272104637667e-06]
[1.8829327112016014e-05, -1.2795828333751758e-06]
[1.6811038806172074e-05, -8.67139204374992e-06]
[-3.2632099157992034e-05, -1.8786192060860074e-06]
[-2.963211478698713e-05, 1.31868853976147e-05]
[1.822417471872284e-05, 2.9119272477381997e-06]
[1.454776874829089e-05, -1.2184125886216535e-05]
[-3.141390666966393e-05, -5.912694277521169e-06]
[-2.6838320298705476e-05, 1.6384878451042306e-05]
[1.6977454929258812e-05, 6.844150453343134e-06]
[1.1808653290701354e-05, -1.5197425326581027e-05]
[-2.9592062069205838e-05, -9.641891258793667e-06]
[-2.362333237002079e-05, 1.9055276502033536e-05]
[1.5151113174856345e-05, 1.0425298251431903e-05]
[8.68791095695598e-06, -1.765351938742138e-05]
[-2.7234617220761592e-05, -1.2980437078508045e-05]
[-2.008436487327403e-05, 2.1148391696479418e-05]
[1.2819431984195662e-05, 1.3576227226558268e-05]
[5.285734074517157e-06, -1.9511220904461224e-05]
[-2.442082400644363e-05, -1.585601581166607e-05]
[-1.6323240697779795e-05, 2.2631382770255115e-05]
[1.0066674388443941e-05, 1.62319513165865e-05]
[1.7055235635998756e-06, -2.074632626793832e-05]
[-2.1238688488633972e-05, -1.821107758519236e-05]
[-1.2443629308495074e-05, 2.3488433343210602e-05]
[6.984567786444407e-06, 1.8342744024096858e-05]
[-1.9488515871635137e-06, -2.135157603490312e-05]
[-1.778239924110636e-05, -2.000372992989885e-05]
[-8.548342661438002e-06, 2.3720498532719958e-05]
[3.669695607208534e-06, 1.987481799595181e-05]
[-5.5757040194059915e-06, -2.1336193926975444e-05]
[-1.4149697557030994e-05, -2.1208204673009434e-05]
[-4.736753758241563e-06, 2.33446419824479e-05]
[2.2086445081170858e-07, 2.0810580730279415e-05]
[-9.078024792857908e-06, -2.0725030670520894e-05]
[-1.0439256303229616e-05, -2.1814904019562542e-05]
[-1.1023969157114566e-06, 2.2392994573267044e-05]
[-3.2634873644715734e-06, 2.114847550788168e-05]
[-1.236577104615777e-05, -1.955734783614521e-05]
[-6.7481321189832855e-06, -2.1830040232567738e-05]
[2.269197192136807e-06, 2.0911373564080904e-05]
[-6.687777641192771e-06, 2.0902425783869694e-05]
[-1.535789579049096e-05, -1.7885285039112575e-05]
[-3.1693508801833303e-06, -2.1274891599233625e-05]
[5.302386974305462e-06, 1.8957608991371222e-05]
[-9.961606203701123e-06, 2.0100911456544246e-05]
[-1.7984078274746462e-05, -1.5772058979957038e-05]
[2.1031817412642262e-07, -2.018470709861525e-05]
[7.932988680611763e-06, 1.6599628587854465e-05]
[-1.3001867237516507e-05, 1.8785712336238936e-05]
[-2.0186122864918055e-05, -1.3289948839451116e-05]
[3.3123512012123157e-06, -1.8607299006268008e-05]
[1.0109500772750857e-05, 1.3913357329878306e-05]
[-1.5734602977324208e-05, 1.7010361736236046e-05]
[-2.1919003132919723e-05, -1.0518125297689918e-05]
[6.068180210566654e-06, -1.660136925636657e-05]
[1.1793965399832518e-05, 1.0980490131415332e-05]
[-1.8096561504116204e-05, 1.483835877430506e-05]
[-2.3151537337839923e-05, -7.540382373841248e-06]
[8.420592395183557e-06, -1.423462014286253e-05]
[1.2962458162565221e-05, 7.886197615006307e-06]
[-2.0036430340736322e-05, 1.2341191670178775e-05]
[-2.3866691420487696e-05, -4.442832324258461e-06]
[1.0324793810814747e-05, -1.1581704213420307e-05]
[1.3605206339202536e-05, 4.716823908922085e-06]
[-2.151572570616156e-05, 9.596228324415534e-06]
[-2.406151418435365e-05, -1.3116216824593518e-06]
[1.174912267601358e-05, -8.72206929528399e-06]
[1.3726345619712033e-05, 1.5576347527392065e-06]
[-2.2509327167019588e-05, 6.684530821116086e-06]
[-2.374671898769387e-05, 1.769274821733502e-06]
[1.2675405952775054e-05, -5.737756422995871e-06]
[1.3343333253847123e-05, -1.5093300146686028e-06]
[-2.3005656067359714e-05, 3.6886511730338523e-06]
[-2.2945934084722674e-05, 4.720130135915657e-06]
[1.309896230033969e-05, -2.7112071196797732e-06]
[1.248604383961155e-05, -4.407249228237549e-06]
[-2.3006505140421574e-05, 6.904639994198547e-07]
[-2.169465140175464e-05, 7.467362884788775e-06]
[1.302826313206995e-05, 2.768655579556134e-07]
[1.1195580980602471e-05, -7.066313527353402e-06]
[-2.2526534938754894e-05, -2.23091063514258e-06]
[-2.003890987783974e-05, 9.945215995926793e-06]
[1.2484271197172464e-05, 3.1494905269255358e-06]
[9.52284361602218e-06, -9.425280903391231e-06]
[-2.1592460896113774e-05, -5.001045538466364e-06]
[-1.803375535419649e-05, 1.2097180592307577e-05]
[1.1499484187809522e-05, 5.835290584094155e-06]
[7.526891381837153e-06, -1.1432762794107848e-05]
[-2.0241961064149105e-05, -7.551961140800367e-06]
[-1.5741522513323947e-05, 1.3877138253598487e-05]
[1.0116716632323913e-05, 8.270130997509173e-06]
[5.2731562571323165e-06, -1.3048217570747755e-05]
[-1.8522341256183017e-05, -9.823658938715174e-06]
[-1.3229988064966669e-05, 1.5250201569977362e-05]
[8.387659218817012e-06, 1.0398530042768361e-05]
[2.8315505136711216e-06, -1.4242635650172503e-05]
[-1.6488998825586743e-05, -1.1765401993796276e-05]
[-1.0570445647492543e-05, 1.6193241628659205e-05]
[6.371258858939299e-06, 1.2174803515313526e-05]
[2.745218551092332e-07, -1.4998908864957694e-05]
[-1.420373004928921e-05, -1.3336718130259329e-05]
[-7.835753304777371e-06, 1.6695099215702225e-05]
[4.131966087249361e-06, 1.3563922968681807e-05]
[-2.3248934625796913e-06, -1.5311884594179648e-05]
[-1.1732928987595592e-05, -1.45081097032429e-05]
[-5.09840390854055e-06, 1.6756483944752043e-05]
[1.7378978733051387e-06, 1.4542074604356747e-05]
[-4.894970647817409e-06, -1.518811359753347e-05]
[-9.145726271281296e-06, -1.526146064678713e-05]
[-2.428666112268274e-06, 1.638957416572051e-05]
[-7.410347601446987e-07, 1.5096914589174393e-05]
[-7.367102633631939e-06, -1.4645306901824029e-05]
[-6.5121169655346645e-06, -1.5590140335267066e-05]
[1.0715911182013205e-07, 1.561733662380771e-05]
[-3.2349861966568527e-06, 1.5227523326555303e-05]
[-9.677470115931897e-06, -1.3711524874615577e-05]
[-3.901125075617129e-06, -1.5498810837871746e-05]
[2.448325931922457e-06, 1.4472591837538795e-05]
[-5.6759760359292866e-06, 1.4944069219063882e-05]
[-1.1768537209549956e-05, -1.2424127077026448e-05]
[-1.3790499168442327e-06, -1.500295138054386e-05]
[4.541039804829838e-06, 1.299685675623663e-05]
[-7.999585417708954e-06, 1.4267199429623956e-05]
[-1.3590340072755502e-05, -1.0828516638167196e-05]
[9.921634507303878e-07, -1.412812105366229e-05]
[6.339632484773927e-06, 1.1239000366286556e-05]
[-1.0146510284830823e-05, 1.3227180935937444e-05]
[-1.5101542381573685e-05, -8.97671758784413e-06]
[3.156392531039609e-06, -1.2908985811087986e-05]
[7.80749313724488e-06, 9.253752501936496e-06]
[-1.2063936129874664e-05, 1.1862821701902337e-05]
[-1.6270237518767328e-05, -6.925825713516298e-06]
[5.064611749150405e-06, -1.1388141905311483e-05]
[8.917738962783972e-06, 7.100107687896262e-06]
[-1.3706704929866698e-05, 1.0220205509531288e-05]
[-1.7074484938151002e-05, -4.736376437566858e-06]
[6.675946380291231e-06, -9.614771524505544e-06]
[9.653616148977417e-06, 4.839667825717875e-06]
[-1.503825069243403e-05, 8.351278245222193e-06]
[-1.750257485580442e-05, -2.4706735047286266e-06]
[7.958485742212695e-06, -7.643169803436822e-06]
[1.0008628888103638e-05, 2.534967598596949e-06]
[-1.603128654642516e-05, 6.312326081475694e-06]
[-1.7553022436139765e-05, -1.911219976169498e-07]
[8.88984213706645e-06, -5.53118428513362e-06]
[9.986401251285693e-06, 2.478258487384477e-07]
[-1.6668233418642986e-05, 4.162387046674487e-06]
[-1.7234299782953322e-05, 2.041391637425116e-06]
[9.457448458538575e-06, -3.3386094896903536e-06]
[9.600282951140182e-06, -1.9622362452276915e-06]
[-1.6941386527719038e-05, 1.9616388771404036e-06]
[-1.6564319809730943e-05, 4.1690331768762245e-06]
[9.658594792426312e-06, -1.1255782698671446e-06]
[8.872716787275414e-06, -4.039471311952092e-06]
[-1.6852823269214445e-05, -2.3019546846470007e-07]
[-1.5569692551620218e-05, 6.13843083671628e-06]
[9.500210315580015e-06, 1.0490085632815227e-06]
[7.834390484628972e-06, -5.9332420349854365e-06]
[-1.6414062153607967e-05, -2.3553843450790923e-06]
[-1.4284779306150686e-05, 7.901929809123187e-06]
[8.998403412056877e-06, 3.1289755033636624e-06]
[6.523200798511097e-06, -7.599187270806995e-06]
[-1.5645488493976067e-05, -4.359628319294817e-06]
[-1.2750574400227643e-05, 9.418663645399672e-06]
[8.177778683938347e-06, 5.0622526874197216e-06]
[4.9830617388224585e-06, -9.000192958175807e-06]
[-1.457556834830176e-05, -6.193371702323258e-06]
[-1.1013448264901582e-05, 1.0655419914712416e-05]
[7.0705543339030785e-06, 6.802110853312837e-06]
[3.2625914953704482e-06, -1.0107148873554628e-05]
[-1.3239876407972195e-05, -7.81295433485707e-06]
[-9.123787489503932e-06, 1.158728427566591e-05]
[5.715508401726854e-06, 8.30822390134045e-06]
[1.4137153644677714e-06, -1.0899477373635391e-05]
[-1.1679968125483109e-05, -9.181578987084438e-06]
[-7.13456976066118e-06, 1.2198052284889682e-05]
[4.156785316657141e-06, 9.547536296672376e-06]
[-5.097774974649472e-07, -1.136542729448381e-05]
[-9.942129157253232e-06, -1.0270074574082744e-05]
[-5.099911857431305e-06, 1.2480404974785086e-05]
[2.442597255611356e-06, 1.0494918614031845e-05]
[-2.4536851840339935e-06, -1.150213183449822e-05]
[-8.07603754940378e-06, -1.1057441303752302e-05]
[-3.0736286608726293e-06, 1.2435850146264027e-05]
[6.238565406144203e-07, 1.1133600360008211e-05]
[-4.364814538637685e-06, -1.13154352824954e-05]
[-6.133375231698324e-06, -1.1531169601300406e-05]
[-1.1078397089830938e-06, 1.2074437419046236e-05]
[-1.2472242360353492e-06, 1.1455374682195485e-05]
[-6.192337652116686e-06, -1.0819499682214462e-05]
[-4.166426041757321e-06, -1.168733113031395e-05]
[7.483420191578549e-07, 1.1414260125880427e-05]
[-3.1185272538897246e-06, 1.1460576364891173e-05]
[-7.889049993103914e-06, -1.003620699557145e-05]
[-2.2266962856620776e-06, -1.1530445244087306e-05]
[2.450007984891589e-06, 1.0480763047771013e-05]
[-4.939384243250744e-06, 1.1157839411246595e-05]
[-9.412500763278375e-06, -8.994377958787547e-06]
[-3.635928874090588e-07, -1.1073130668344533e-05]
[3.957510675046266e-06, 9.305878608062423e-06]
[-6.6618571876730925e-06, 1.0563646466704713e-05]
[-1.072596975881801e-05, -7.728832442925604e-06]
[1.3768085347642955e-06, -1.0335556959412823e-05]
[5.23735558782823e-06, 7.927018396414187e-06]
[-8.241914038850662e-06, 9.701687138041759e-06]
[-1.1799269736822993e-05, -6.279319714919129e-06]
[2.9528764589337175e-06, -9.344715018299449e-06]
[6.262910121478116e-06, 6.3859498855151076e-06]
[-9.640471890171032e-06, 8.602046882466574e-06]
[-1.260935815716735e-05, -4.689349393960374e-06]
[4.3283913961911225e-06, -8.133530520391952e-06]
[7.014915708366404e-06, 4.7275898990145615e-06]
[-1.08242844799461e-05, 7.300251427061477e-06]
[-1.3140747789436302e-05, -3.004956123750513e-06]
[5.473348165585534e-06, -6.739846718169934e-06]
[7.481795463348123e-06, 2.998748510826821e-06]
[-1.1766654922806818e-05, 5.8361955320718195e-06]
[-1.3385710532776152e-05, -1.2734310255724246e-06]
[6.364575916795179e-06, -5.205306537549997e-06]
[7.65975449742648e-06, 1.24685665948282e-06]
[-1.2447960068440178e-05, 4.252986335745446e-06]
[-1.334427478152933e-05, 4.57946194604153e-07]
[6.986164726656419e-06, -3.574165224427134e-06]
[7.552675749394888e-06, -4.812891875524694e-07]
[-1.285597774264291e-05, 2.5957333930348714e-06]
[-1.3024021629087779e-05, 2.1431419454098766e-06]
[7.329692701604773e-06, -1.892065967907218e-06]
[7.171819229295773e-06, -2.1407334455910212e-06]
[-1.298601339499994e-05, 9.103180747399575e-07]
[-1.2439690225241051e-05, 3.7385393810984713e-06]
[7.394252905284365e-06, -2.0481088142641768e-07]
[6.5353375259466495e-06, -3.6894889020155225e-06]
[-1.2840828208182664e-05, -7.578257425755464e-07]
[-1.1612607537153652e-05, 5.204016062049233e-06]
[7.186284258442477e-06, 1.4428405015996792e-06]
[5.6676245030612415e-06, -5.089558521187421e-06]
[-1.243037523271373e-05, -2.364888072342586e-06]
[-1.0569961358050661e-05, 6.50390361889297e-06]
[6.719216011395052e-06, 3.0083153380183747e-06]
[4.598518492132664e-06, -6.307827406352301e-06]
[-1.17713554020904e-05, -3.869787336185926e-06]
[-9.343939488953845e-06, 7.607807270548772e-06]
[6.012939408477774e-06, 4.4522857511261615e-06]
[3.3623839749974405e-06, -7.316805457430187e-06]
[-1.0886609312643625e-05, -5.235176154680388e-06]
[-7.970760591474724e-06, 8.491267627558363e-06]
[5.093124568481683e-06, 5.739616174907369e-06]
[1.9970985783435147e-06, -8.095205135755235e-06]
[-9.804364482307593e-06, -6.428324758674109e-06]
[-6.489624367667091e-06, 9.136251691466146e-06]
[3.990404136879067e-06, 6.8401781279925356e-06]
[5.429739798890054e-07, -8.628343365388313e-06]
[-8.55736133287266e-06, -7.42186251854321e-06]
[-4.94161041805774e-06, 9.531464238848875e-06]
[2.739447876723422e-06, 7.729514282198147e-06]
[-9.58359961694688e-07, -8.908361816148402e-06]
[-7.181883179857573e-06, -8.194361457720956e-06]
[-3.3685552272913477e-06, 9.67247635819124e-06]
[1.3779550956105613e-06, 8.389338752121112e-06]
[-2.4650777904478005e-06, -8.934263875000348e-06]
[-5.71671788829331e-06, -8.730750817913246e-06]
[-1.8119370904998156e-06, 9.561671943658645e-06]
[-5.4407233711362135e-08, 8.807864313883917e-06]
[-3.9362587476166055e-06, -8.711772115727046e-06]
[-4.2020796438002606e-06, -9.02255590554124e-06]
[-3.1179757150473497e-07, 9.208018061562795e-06]
[-1.5170917632353897e-06, 8.979952384580159e-06]
[-5.332936730939597e-06, -8.253014160825023e-06]
[-2.6785197523027104e-06, -9.067959303617201e-06]
[1.0942734192526116e-06, 8.626669332961745e-06]
[-2.9697547069482133e-06, 8.907086108927986e-06]
[-6.619073937924602e-06, -7.576049210769598e-06]
[-1.1858548706611405e-06, -8.871686988556893e-06]
[2.372064235280774e-06, 7.838420676115065e-06]
[-4.373308411569077e-06, 8.597171471558251e-06]
[-7.762434777153215e-06, -6.704251311738518e-06]
[2.3785975397649928e-07, -8.444726780038742e-06]
[3.4915576581223684e-06, 6.8690258916564995e-06]
[-5.690916042855321e-06, 8.06417562859707e-06]
[-8.735339777965478e-06, -5.665568790988451e-06]
[1.5572867541890911e-06, -7.803889977755357e-06]
[4.427618340872852e-06, 5.748403346106379e-06]
[-6.88890378250373e-06, 7.3276159270330155e-06]
[-9.515282602984287e-06, -4.491681743094833e-06]
[2.7406694508291807e-06, -6.971231555366608e-06]
[5.160536509757341e-06, 4.5097517067937964e-06]
[-7.937569218130491e-06, 6.411915757925657e-06]
[-1.0085397776860017e-05, -3.217082431367091e-06]
[3.76058088136233e-06, -5.973347142640417e-06]
[5.676417255781607e-06, 3.188600905749961e-06]
[-8.811866805555346e-06, 5.345647885707239e-06]
[-1.043476991216541e-05, -1.8781034622217252e-06]
[4.594542232047583e-06, -4.840567935177065e-06]
[5.9674088820974025e-06, 1.8218244584589094e-06]
[-9.491955868384805e-06, 4.160686901732991e-06]
[-1.055858048898406e-05, -5.119207895920574e-07]
[5.225497631183851e-06, -3.6060768022205814e-06]
[6.031768095070278e-06, 4.4663968647509766e-07]
[-9.963599901685605e-06, 2.8912951606507864e-06]
[-1.0458091952297854e-05, 8.444422115450045e-07]
[5.642136241254536e-06, -2.304970411471513e-06]
[5.873764066684911e-06, -9.003779388935818e-07]
[-1.0218410238405085e-05, 1.5731674382901684e-06]
[-1.014047329433998e-05, 2.155083701826932e-06]
[5.839056933135828e-06, -9.732927449381326e-07]
[5.5034277070611926e-06, -2.1842407948438267e-06]
[-1.0253931292308893e-05, 2.4246008893669124e-07]
[-9.618475268535764e-06, 3.3861407864599347e-06]
[5.816774434348748e-06, 3.529336201520128e-07]
[4.936155779615425e-06, -3.3724323402518908e-06]
[-1.007356875243337e-05, -1.065169696237711e-06]
[-8.909967090173221e-06, 4.5066326836429305e-06]
[5.581570914344608e-06, 1.6386540038007547e-06]
[4.192183975980368e-06, -4.435705239808074e-06]
[-9.686366137656721e-06, -2.31548976356577e-06]
[-8.03734979785975e-06, 5.489209388004346e-06]
[5.145199942168527e-06, 2.8506811704936963e-06]
[3.2959452045400184e-06, -5.348776111510634e-06]
[-9.106638928224609e-06, -3.4765606886921763e-06]
[-7.026864309325753e-06, 6.310788461000305e-06]
[4.5244539855597565e-06, 3.958525802670587e-06]
[2.2753325248092704e-06, -6.090900887375378e-06]
[-8.353479000716701e-06, -4.5195240328671504e-06]
[-5.907814560085489e-06, 6.9530658244887356e-06]
[3.7406097220700485e-06, 4.935137771944209e-06]
[1.160888014398176e-06, -6.646318498039483e-06]
[-7.450144993509378e-06, -5.419292165471934e-06]
[-4.711727682724098e-06, 7.4028902769807114e-06]
[2.8187683140355746e-06, 5.7575408741045164e-06]
[-1.5059664973393616e-08, -7.004554235169602e-06]
[-6.423357392038032e-06, -6.155124428593173e-06]
[-3.471474887710435e-06, 7.652494407789368e-06]
[1.7871101486328922e-06, 6.407346832923433e-06]
[-1.2192854005610432e-06, -7.160577973105986e-06]
[-5.3025182752686195e-06, -6.711076359348922e-06]
[-2.2203762966716e-06, 7.699579801082046e-06]
[6.760853408019352e-07, 6.871137818748041e-06]
[-2.418561652339779e-06, -7.114816300050897e-06]
[-4.118878097009171e-06, -7.076313601576956e-06]
[-9.91313806930627e-07, 7.547256918233325e-06]
[-4.824375227918676e-07, 7.140710332725897e-06]
[-3.580532997787822e-06, -6.873021458922435e-06]
[-2.9046722244407963e-06, -7.245285030862969e-06]
[1.8412521024524509e-07, 7.203844606909482e-06]
[-1.6560411380817097e-06, 7.213177323661668e-06]
[-4.674548654604038e-06, -6.4460033910168635e-06]
[-1.6922504358640733e-06, -7.217753655489045e-06]
[1.2764516777660773e-06, 6.682537459515303e-06]
[-2.8126250296578448e-06, 7.090928367758931e-06]
[-5.672432547842998e-06, -5.8492353796832375e-06]
[-5.132222428427813e-07, -6.998687543224857e-06]
[2.259006202910696e-06, 6.0009525381654605e-06]
[-3.921243881460645e-06, 6.781452735388216e-06]
[-6.549171652991959e-06, -5.102345550060672e-06]
[6.023599934817936e-07, -6.5980166121006045e-06]
[3.1086005438975273e-06, 5.18056987479365e-06]
[-4.952897728824346e-06, 6.297032330460084e-06]
[-7.28350676637568e-06, -4.228510488334114e-06]
[1.6267596286562158e-06, -6.030264487137671e-06]
[3.806054316182056e-06, 4.24608361184603e-06]
[-5.881254246095646e-06, 5.654315502090501e-06]
[-7.858412191835695e-06, -3.253768667443868e-06]
[2.5352373804465866e-06, -5.314067717251264e-06]
[4.33661511016134e-06, 3.2246825826254266e-06]
[-6.6832857217036246e-06, 4.873785337616843e-06]
[-8.261454180147343e-06, -2.206273341229248e-06]
[3.3066400165621124e-06, -4.471597063175625e-06]
[4.690253646005144e-06, 2.1452808282376723e-06]
[-7.339805868686322e-06, 3.97913854346954e-06]
[-8.48502129979778e-06, -1.1155056978545685e-06]
[3.923882273632051e-06, -3.5278985733022683e-06]
[4.861828496936088e-06, 1.0377186642346325e-06]
[-7.835894532154386e-06, 2.996593013809834e-06]
[-8.526423390498028e-06, -1.1469667521302185e-08]
[4.374312131703861e-06, -2.510172618553838e-06]
[4.851119282452132e-06, -6.804348513279879e-08]
[-8.161201521542094e-06, 1.9541436703102155e-06]
[-8.387859240371887e-06, 1.0761101851691768e-06]
[4.6499519385304056e-06, -1.4470115631459637e-06]
[4.662729820026357e-06, -1.1427177962061372e-06]
[-8.31012411853238e-06, 8.807871014898661e-07]
[-8.076256545197502e-06, 2.1185667717221746e-06]
[4.74761178840058e-06, -3.6761664453689724e-07]
[4.30586659441734e-06, -2.1584476283566245e-06]
[-8.281856242631225e-06, -1.9426411197731586e-07]
[-7.602990983943125e-06, 3.0890246976306157e-06]
[4.668874783286814e-06, 6.989849888061617e-07]
[3.7940008731224273e-06, -3.089512869560579e-06]
[-8.08031046742319e-06, -1.2423564067221005e-06]
[-6.983494089229936e-06, 3.963072487664365e-06]
[4.419957178977002e-06, 1.7247025972805252e-06]
[3.144425682541363e-06, -3.912964674619712e-06]
[-7.713917878848786e-06, -2.2361400444509405e-06]
[-6.236762797609541e-06, 4.7193559584990386e-06]
[4.011449617372792e-06, 2.6831039953087443e-06]
[2.377721375720898e-06, -4.6091744149157066e-06]
[-7.195313009689119e-06, -3.1502641316266677e-06]
[-5.38478503055162e-06, 5.340079504714823e-06]
[3.4579486225226608e-06, 3.5500794271989267e-06]
[1.51714562965366e-06, -5.1622842009123315e-06]
[-6.540914775504669e-06, -3.962005182114869e-06]
[-4.451898397719867e-06, 5.811403501559953e-06]
[2.7775902179220935e-06, 4.304430961658834e-06]
[5.879653659640605e-07, -5.560549157474642e-06]
[-5.77041632934816e-06, -4.651813884086475e-06]
[-3.4641000152338397e-06, 6.1237297094007825e-06]
[1.9914998157823105e-06, 4.928373422585786e-06]
[-3.8325076714973427e-07, -5.796564685880273e-06]
[-4.906199042475912e-06, -5.203767416195326e-06]
[-2.448326519112476e-06, 6.271869403093322e-06]
[1.1231745995106401e-06, 5.407935700266209e-06]
[-1.3693598888142589e-06, -5.8673748414735105e-06]
[-3.9726874718759575e-06, -5.6059173371009186e-06]
[-1.431723732701895e-06, 6.255092147786079e-06]
[1.9781557143716544e-07, 5.733253387096848e-06]
[-2.3433732447425415e-06, -5.774461854218121e-06]
[-2.9956633873229332e-06, -5.850525995085981e-06]
[-4.409253327244955e-07, 6.077056302372652e-06]
[-7.583717667493384e-07, 5.898747893140488e-06]
[-3.279165855990529e-06, -5.523618727694413e-06]
[-2.0015576469301077e-06, -5.934187454152001e-06]
[4.986407513493663e-07, 5.745625396721965e-06]
[-1.7188894996869597e-06, 5.903189062281267e-06]
[-4.152149567199226e-06, -5.1247110611461755e-06]
[-1.0167389205700816e-06, -5.857832025842058e-06]
[1.3634005606548427e-06, 5.2725774324635655e-06]
[-2.657653087122236e-06, 5.7496421268787845e-06]
[-4.9398924181209836e-06, -4.591336299271387e-06]
[-6.68180019647302e-08, -5.626616590589245e-06]
[2.1322208112843632e-06, 4.673216781325706e-06]
[-3.549672488570299e-06, 5.445302606862934e-06]
[-5.622669158156235e-06, -3.94039137436436e-06]
[8.240144810794936e-07, -5.249705599275761e-06]
[2.7869200188192222e-06, 3.96590095325805e-06]
[-4.371691231644381e-06, 5.001225652667696e-06]
[-6.183929791014897e-06, -3.191561856435987e-06]
[1.6335998839211996e-06, -4.739951111162183e-06]
[3.3126917472134365e-06, 3.1714957929099286e-06]
[-5.1027674623366215e-06, 4.431958966710781e-06]
[-6.610675431034663e-06, -2.3667475275435113e-06]
[2.3423582565240686e-06, -4.1134815404672564e-06]
[3.698431014952791e-06, 2.312775441680459e-06]
[-5.7247828395556866e-06, 3.755090786608517e-06]
[-6.893733381918565e-06, -1.4894406763221735e-06]
[2.933756502385143e-06, -3.3892121504355832e-06]
[3.936956800655589e-06, 1.4137833754257478e-06]
[-6.222867311639346e-06, 2.990726384002884e-06]
[-7.0279261578376495e-06, -5.840743682455907e-07]
[3.3946873246940013e-06, -2.588291436832549e-06]
[4.02512691822024e-06, 4.99172233544426e-07]
[-6.585730083927266e-06, 2.1609083788454164e-06]
[-7.012131888708972e-06, 3.246418193020295e-07]
[3.715750674461449e-06, -1.7334991875240721e-06]
[3.963844259744637e-06, -4.0645985382829763e-07]
[-6.805890191544095e-06, 1.2889966674867193e-06]
[-6.8492369068862136e-06, 1.212380426926507e-06]
[3.8914321475666536e-06, -8.486129400766401e-07]
[3.7579562889092366e-06, -1.2792189425282503e-06]
[-6.8798020652349745e-06, 3.990256620817201e-07]
[-6.5459833444303506e-06, 2.0558325590641635e-06]
[3.920175576294094e-06, 4.2239925024736835e-08]
[3.416052428255323e-06, -2.0965341475543547e-06]
[-6.807875088471471e-06, -4.849443308030388e-07]
[-6.112718043502219e-06, 2.8333053527507257e-06]
[3.804349885675601e-06, 9.152271620016528e-07]
[2.9501665708420166e-06, -2.8377300255316706e-06]
[-6.5943884760832905e-06, -1.3394642442016158e-06]
[-5.563051081750037e-06, 3.525265687545631e-06]
[3.5501130293633804e-06, 1.7474367785819123e-06]
[2.37539427708211e-06, -3.4845383181693335e-06]
[-6.2473056745837585e-06, -2.1423053944077952e-06]
[-4.9134345894291664e-06, 4.1148168084259584e-06]
[3.1671786183060102e-06, 2.517466422435888e-06]
[1.7094364287983943e-06, -4.021536534278697e-06]
[-5.777995020439519e-06, -2.8730251372538484e-06]
[-4.182674401012609e-06, 4.588096569890787e-06]
[2.6684928455672496e-06, 3.2059617204593938e-06]
[9.720823695852365e-07, -4.436503661657543e-06]
[-5.200865724586112e-06, -3.5134749624340933e-06]
[-3.3913886182401765e-06, 4.934588268598605e-06]
[2.069832281872269e-06, 3.7960909831033507e-06]
[1.8464766517178877e-07, -4.720684540784892e-06]
[-4.532930306416771e-06, -4.0482387160221955e-06]
[-2.5614282957719947e-06, 5.14733748785412e-06]
[1.389334242062057e-06, 4.273944475663427e-06]
[-6.306182216142542e-07, -4.868958087472092e-06]
[-3.793306328311874e-06, -4.464990696336629e-06]
[-1.7152761787528337e-06, 5.223070961846155e-06]
[6.469734329002386e-07, 4.628849313736971e-06]
[-1.451138082725345e-06, -4.879906495593167e-06]
[-3.002671661964107e-06, -4.75476568718991e-06]
[-8.754397314292284e-07, 5.1622160770758985e-06]
[-1.3600039608374637e-07, 4.853593192105654e-06]
[-2.2546107644461078e-06, -4.755785422531217e-06]
[-2.1826883329356672e-06, -4.9121352250873496e-06]
[-6.385440526335273e-08, 4.968822476969503e-06]
[-9.37648296742144e-07, 4.9445527023628255e-06]
[-3.019596766282162e-06, -4.502397724481799e-06]
[-1.3554109900143496e-06, -4.935287611952666e-06]
[6.986870137171142e-07, 4.65038912907112e-06]
[-1.7359356188836883e-06, 4.901724572362043e-06]
[-3.7260705504638114e-06, -4.128875795265247e-06]
[-5.426954242659932e-07, -4.826010672351333e-06]
[1.393064844337072e-06, 4.217603714676277e-06]
[-2.5093173977724925e-06, 4.728660739944379e-06]
[-4.355925615595613e-06, -3.6473798699920845e-06]
[2.343769734958201e-07, -4.589579904706875e-06]
[2.0023091701210083e-06, 3.684002302710432e-06]
[-3.2373003629251884e-06, 4.4323106793559e-06]
[-4.8934198738082024e-06, -3.0727217317644273e-06]
[9.560440707850892e-07, -4.234556465438494e-06]
[2.512011247460949e-06, 3.06555986872431e-06]
[-3.90096720119526e-06, 4.022776745105094e-06]
[-5.325550678975111e-06, -2.4219250823118155e-06]
[1.6043633364742904e-06, -3.7725019303679053e-06]
[2.9106599565530133e-06, 2.3802236340172978e-06]
[-4.48344980602533e-06, 3.5129906929137755e-06]
[-5.642350742351976e-06, -1.7137350906068494e-06]
[2.163655272044429e-06, -3.2176188118036853e-06]
[3.1898957501864944e-06, 1.647402524240088e-06]
[-4.970340250515237e-06, 2.9183208294925045e-06]
[-5.837098835920207e-06, -9.680913852921913e-07]
[2.6208792446372198e-06, -2.5863276014032044e-06]
[3.3446768530169535e-06, 8.874269666267476e-07]
[-5.350029330691841e-06, 2.256121957866508e-06]
[-5.906440810055091e-06, -2.05578413972618e-07]
[2.9659329962225534e-06, -1.8967925931468593e-06]
[3.373354861342659e-06, 1.20993778716591e-07]
[-5.613965327791459e-06, 1.5452405224963828e-06]
[-5.850419601535761e-06, 5.53131500463655e-07]
[3.1918692614783806e-06, -1.1684098712113657e-06]
[3.277659322835358e-06, -6.313889621767724e-07]
[-5.756827425595912e-06, 8.054889542724597e-07]
[-5.672414895990796e-06, 1.2878277803468619e-06]
[3.295025195939466e-06, -4.2127164478697465e-07]
[3.062593255609425e-06, -1.3499424643004937e-06]
[-5.776610706137442e-06, 5.710357479926653e-08]
[-5.378995612675963e-06, 1.9792894968839736e-06]
[3.275062825554287e-06, 3.243787193851766e-07]
[2.7362440148739897e-06, -2.016129003731826e-06]
[-5.674622000587104e-06, -6.797993657575718e-07]
[-4.979690597498032e-06, 2.609778011128383e-06]
[3.1349206737960045e-06, 1.048685994285703e-06]
[2.3095156428537544e-06, -2.613122382935651e-06]
[-5.455388229727576e-06, -1.3857551399293344e-06]
[-4.486684971119481e-06, 3.163481962845105e-06]
[2.880679759851082e-06, 1.7327031825026262e-06]
[1.7957915023694704e-06, -3.1262247759140244e-06]
[-5.126481142855854e-06, -2.042455679751587e-06]
[-3.914451405725994e-06, 3.626903682579785e-06]
[2.5213486577642386e-06, 2.3588785660680345e-06]
[1.2105369758541595e-06, -3.543220315520984e-06]
[-4.698264495575644e-06, -2.6332155210542774e-06]
[-3.2793271608974606e-06, 3.989177826582702e-06]
[2.068574776931814e-06, 2.9114976036054285e-06]
[5.70853846748598e-07, -3.854656989144695e-06]
[-4.183571666829811e-06, -3.143386953140259e-06]
[-2.5990489731092525e-06, 4.242314943253556e-06]
[1.5362907050883723e-06, 3.3770687468542837e-06]
[-1.050010863395956e-07, -4.054050642309653e-06]
[-3.5973232740682537e-06, -3.5607141012708454e-06]
[-1.8922586619493642e-06, 4.381364979863522e-06]
[9.403060372246974e-07, 3.744643937791947e-06]
[-7.981198579670723e-07, -4.1380070136577685e-06]
[-2.956096176620626e-06, -3.875618051263352e-06]
[-1.1779932861250009e-06, 4.404497323043377e-06]
[2.978563734164219e-07, 4.006066418357768e-06]
[-1.4894559740435964e-06, -4.106259950183155e-06]
[-2.277655663379674e-06, -4.081406068248e-06]
[-4.7517317144571414e-07, 4.312997226543769e-06]
[-3.728778954874279e-07, 4.156140523181584e-06]
[-2.1603321612856385e-06, -3.961626188930811e-06]
[-1.5804640782768331e-06, -4.174401076927764e-06]
[1.9789834409394969e-07, 4.1111796792031585e-06]
[-1.053269810528945e-06, 4.192720265874805e-06]
[-2.792929904099628e-06, -3.709879281429962e-06]
[-8.831791301205927e-07, -4.153989132889974e-06]
[8.240105522049068e-07, 3.8062245240888526e-06]
[-1.724747658138348e-06, 4.116715692115136e-06]
[-3.37074816325611e-06, -3.3595473535423526e-06]
[-2.041553227860593e-07, -4.0225850112332595e-06]
[1.3874842288534583e-06, 3.4079384522572864e-06]
[-2.369286948994409e-06, 3.932018354607658e-06]
[-3.879019552760488e-06, -2.9216411230811867e-06]
[4.3903837805558954e-07, -3.7855181656935855e-06]
[1.8745627151685318e-06, 2.9284513553134994e-06]
[-2.9698800171271134e-06, 3.645348780320634e-06]
[-4.305073968674522e-06, -2.4093209232758928e-06]
[1.0300721674377789e-06, -3.450843371600315e-06]
[2.2737456751853458e-06, 2.3818561306204744e-06]
[-3.5109708173552967e-06, 3.2660317934585237e-06]
[-4.6386405372356165e-06, -1.8375119607630386e-06]
[1.5542687977487812e-06, -3.029082281834003e-06]
[2.5760576469087415e-06, 1.7838023739363829e-06]
[-3.978844287336192e-06, 2.805706380712425e-06]
[-4.87208119478999e-06, -1.2224792338907942e-06]
[1.998966460331486e-06, -2.5329038712620933e-06]
[2.775245329112927e-06, 1.151055414084362e-06]
[-4.361960606005799e-06, 2.27797899347848e-06]
[-5.000550718253782e-06, -5.813738270660229e-07]
[2.353822493257607e-06, -1.9767530344341755e-06]
[2.867899654927092e-06, 5.01033067805412e-07]
[-4.651226424304267e-06, 1.6980303309266365e-06]
[-5.02208018179906e-06, 6.823693998736502e-08]
[2.611050558778971e-06, -1.376438399942198e-06]
[2.8535003526522495e-06, -1.486676991322572e-07]
[-4.840196910799177e-06, 1.0821867440780064e-06]
[-4.937582862796219e-06, 7.088428314594442e-07]
[2.765586463011893e-06, -7.486903579449235e-07]
[2.734383433802834e-06, -7.807409810969314e-07]
[-4.925204378822268e-06, 4.4746815454355104e-07]
[-4.7507836802018755e-06, 1.3234549160745512e-06]
[2.815179093038772e-06, -1.1070187226104589e-07]
[2.515633415411944e-06, -1.378627045196812e-06]
[-4.905411263952941e-06, -1.8887518662968894e-07]
[-4.468075248523218e-06, 1.8960485625579837e-06]
