[-156.31859428669702, -169.84712382652367]
[-34.612286963656864, -2.6125542099870023]
[-92.56930643487652, 27.751897869646516]
[-9.971048327279895, 30.143165170666848]
[51.18214477574531, 61.83027099145626]
[-10.701977969917616, 2.044188550453818]
[30.887236859008617, -24.644993416503382]
[6.643681233222504, -4.312587327792176]
[1.8256745064738116, -2.0957375093183424]
[9.500492515775061, 17.97734187590287]
[7.946376223714837, 19.01724104319046]
[19.580643004082418, 4.072143085335707]
[-14.165706445580774, -8.698765557278671]
[-5.72750411118194, 0.6317204110833048]
[13.77742014457798, 10.19639888259255]
[4.879185448596214, 4.0758034628163315]
[5.136051875843915, 0.1862898517295717]
[4.718947938879628, -2.5454694419854675]
[8.927181457747968, -6.518975009824446]
[3.1754940365260254, 0.5615092761049061]
[0.2466447138443506, -3.4638220963973065]
[-0.1450520065287625, -4.4550027139170805]
[-2.2946450107200715, -5.876785011452898]
[2.371649059391626, 0.9863070267215859]
[-0.4316849024398586, -1.8271755926780218]
[5.080886455762385, -2.8500342316661786]
[2.0096238681673397, 2.40909160674099]
[7.917573193993965, -1.2645090561622596]
[-4.038932954953868, -0.1389884250028075]
[-0.3515210402546465, -5.349252998663408]
[-0.5473072342648372, -3.711148168501533]
[-1.540865910448645, -0.21325363761279892]
[3.4268766383993916, 1.0885363063683688]
[1.6643542316354405, 3.9098431286018256]
[6.119434289229218, 3.0738489670667306]
[1.9551916077791118, 2.984051629953018]
[0.8724276923553946, 0.9848126132436235]
[-2.704087570005915, 1.8394387975568591]
[-2.162011544870605, 1.3985491197330044]
[0.6345561986251296, 1.923429281011198]
[0.7401431411840216, 0.46627830592538766]
[2.3452374713400896, -1.2609715170446543]
[-2.813006064038691, -0.5792560370476716]
[-0.6852966172810664, 0.006205871871311608]
[0.7916982186293514, -4.820012660582778]
[-0.49398824885949777, -1.474602651156804]
[1.1927088103269532, 1.437059283864587]
[0.3531563436377698, 0.17542576860546655]
[-0.23225240967407101, 0.8643988023394339]
[1.1771378222894944, -1.246445968941666]
[1.1379380499089036, -0.6387287409148485]
[-1.1794009951359972, 0.005294765718523886]
[0.8210751730956448, 0.2597717776131441]
[-0.5316880907911374, 0.6556327641084552]
[0.6920423151866408, 1.1901761036824832]
[-0.4068103656770916, -0.14600726540083447]
[-0.24963258532016286, 1.523596492433507]
[-0.4548521243075352, -0.12790770436406224]
[0.46030376441919224, 0.015520679060326725]
[1.8923379300127086, 0.0819754235193419]
[-0.1492815055404667, -1.188980648001491]
[-0.15943451637709627, -0.34695094327002324]
[-0.5140906064127706, 0.7758694573752895]
[0.4309512648899363, -1.0596481382528675]
[-0.08895410936709014, -2.102625319151966]
[0.20041654779651671, -0.032894822201155305]
[1.4581607246981558, -0.01965047698758704]
[1.109235527815916, 1.0133298304280536]
[-0.5081735252246972, -1.8853584607045435]
[-0.19314255563604837, 0.9211299405659683]
[0.4662610455448103, 0.575293208799983]
[-0.046664827093697736, -1.036357258875059]
[-0.031928201366828335, -1.530340457149133]
[-0.15004193167185653, 0.0487662402207365]
[-0.7038064572501034, -1.3309270240741014]
[-1.28180468102282, -0.05451954382391899]
[0.19969454599949388, -0.39423820948791866]
[-0.483516377635699, 0.4877732378939966]
[0.08978900248094868, -0.015018830101283187]
[-0.2050962434633249, -0.4525747494199517]
[0.02949160351715374, 0.13206289779704292]
[0.37992390788086794, 0.006596599332760911]
[-1.1046287585259509, -0.0679056766325582]
[0.0007466720184073905, 0.36182128797256197]
[0.4366386684197423, 0.8259678769830994]
[0.6242849443013803, -0.44467551960038276]
[-0.2276707643681426, -0.9109894182178864]
[-0.07070765744867452, -0.14692719026598777]
[-0.39069899795136687, 0.09794476313600586]
[0.4782858781180434, -0.6886608494123934]
[-0.21020328254050025, -0.02295229801816856]
[0.3041521447455313, 0.09432185233050538]
[0.1536320789271004, 0.4239241462644104]
[0.6978499585664111, -0.02340077472719293]
[-0.08146134313440478, -0.4387078173957748]
[-0.1523520025510215, -0.08735295214453132]
[0.10923935255313189, 0.9139866931075413]
[0.4465227380358437, 0.6211448859425972]
[0.8010147417476225, 0.3370317235684279]
[0.08433571320045863, 0.6039976426501543]
[0.41584296658286146, 0.15169293324361155]
[0.1443134494315957, 0.7473855810451009]
[0.002734148949889048, -0.5951580809282944]
[0.0009748950403627443, -0.21414451277072832]
[0.49010613523607627, -0.2972545261912276]
[0.07910083130996448, -0.048162898716641256]
[0.14198098000239925, -0.7764450811201744]
[-0.16755694908374097, 0.04491727493021258]
[-0.06890931299589431, -0.20245160403521556]
[0.23355956035241954, -0.19471073102836312]
[0.06174271698945538, -0.07134252266808117]
[-0.1075271548023573, 0.24778495191502103]
[0.36540901924243707, -0.09753891973460127]
[0.5034630087204603, 0.06555594616635724]
[0.1347943453348736, -0.07441295684556692]
[-0.030700146475242995, -0.11131594865917155]
[-0.18204832216163946, 0.1247117459359558]
[0.18515511823875186, -0.16146381092289752]
[0.47214308794539817, -0.5063690196622606]
[-0.14275163126078572, -0.054886826173759395]
[0.10038689373963117, -0.2598984483716163]
[0.17494944412744073, -0.11269148719512806]
[-0.10042699467483795, 0.07850584669371757]
[0.3570103730088154, -0.48877263012906047]
[0.04222883826118645, 0.04070147247559103]
[-0.24485893290977911, 0.327469664982757]
[0.47024320700600064, 0.00866860940298847]
[0.22637149058667067, 0.09494592209320607]
[0.18166328858542002, 0.018479590346909158]
[0.10547444747470341, 0.1563331709151144]
[0.0025487943946816416, 0.3782089136633879]
[0.25520512364063336, -0.010129875349679657]
[0.2253837346257467, -0.2949459091939931]
[-0.07339658194947035, 0.376880385955192]
[-0.13064977855136173, -0.07417510461917826]
[0.1680512952771421, -0.2706641117065869]
[-0.1886865065571599, -0.4036727897045027]
[0.20433957817925527, 0.2810683258734723]
[-0.03479853953684565, -0.053434328329527936]
[-0.2211481536014009, 0.018807129234771097]
[0.2553645101723837, -0.04677868617121611]
[-0.012774633314348721, 0.12900476245762868]
[0.017211293520884297, 0.2074071715642003]
[0.056542098149141684, -0.17213633804945727]
[0.054801904433963045, -0.10120736648536008]
[-0.08252859441360602, 0.018084862610496022]
[0.113700386645817, -0.08386192104275011]
[-0.029555182476807607, -0.3069952836575628]
[0.11158967045509582, -0.059959354609490964]
[0.03309907502005671, -0.4661875296628614]
[0.0052971063369110505, -0.019966722387936064]
[0.30525681794296056, 0.12252062834005734]
[-0.06699802156053997, 0.058697264015375644]
[0.03852832001709661, -0.22410090831685764]
[-0.06780613981378547, 0.16477223649824554]
[0.24415023446379386, -0.036063319101675095]
[-0.029917656163298334, 0.05299958950381775]
[0.1735832590951784, -0.1888929342629015]
[0.05843451830854929, 0.11258015138724531]
[0.10725285192932649, 0.16826382184679878]
[-0.0023289801355802497, 0.04653829562471068]
[0.06186216867889319, -0.24400083256843508]
[0.0997314811941713, -0.023294617671841544]
[0.18375095859891338, -0.05840279045138774]
[0.10269520963128237, -0.04015456630516845]
[0.12952019958434974, -0.06131270181852344]
[0.07994691234283885, 0.05736064170848931]
[-0.020048797492426662, -0.0863568945240425]
[0.06549423268259902, -0.10459581586685518]
[-0.21201237965583658, 0.07223550634907927]
[0.22486045426102147, -0.034401901075011176]
[-0.04959397750694372, 0.31163867024677916]
[0.12040363572246485, 0.03201934269725126]
[-0.07760146175891297, 0.04038349307693001]
[-0.010480482670666313, 0.17995384631057953]
[0.12892318764625432, 0.014058894438470415]
[-0.1179158288327768, -0.09695819241780135]
[0.048077684800155396, -0.03729440850693666]
[-0.08389340242546812, -0.03929240015963498]
[0.07171291977478067, 0.052632864714671324]
[-0.07542694386938546, -0.11102508079082407]
[0.10985309368944424, -0.12393937285375778]
[0.0673444356622716, 0.039929919667591296]
[0.07714810191898136, 0.02489122146673467]
[0.0919808837800233, -0.0950898417920894]
[-0.06328169086990743, 0.12780491422162527]
[0.08335051326667592, 0.09459833994024769]
[-0.043271197695474606, -0.09560470682562111]
[0.00937529505902357, -0.06184471887319942]
[-0.03850920615174119, -0.0851499153695437]
[0.053797455520757875, -0.059477915165589756]
[0.01257043399585911, -0.12772388306981283]
[-0.05268834364052549, -0.024690340166937663]
[-0.04601900047304891, 0.03142882885338902]
[-0.018950605710824964, 0.017261517645268593]
[0.11607123251732171, -0.07328899855454243]
[-0.0605122764748795, 0.036579014184130704]
[0.12534569270410995, -0.006653508289803822]
[-0.039879924551858625, -0.1485401679717693]
[-0.057691692355132385, -0.003695762266508279]
[0.03585637928960467, 0.04550865514668648]
[0.0014643568813481611, 0.11631759916824941]
[0.07628758615493345, 0.004848998662264473]
[-0.14815000373948348, -0.022144712634925817]
[-0.020150183702890685, -0.08062770465368135]
[-0.019002979713017572, -0.00125205423197855]
[-0.010482520886826368, -0.07867523467442267]
[-0.0054102813233351255, -0.06045106703802647]
[0.017051234615806987, 0.07747966823630681]
[0.06850174778170182, -0.054713981895214064]
[0.03303025205412663, -0.04014706024897083]
[-0.0974623799619805, -0.1311758346063701]
[0.0278365274902293, -0.12775418109980868]
[0.0024371677772066225, 0.050029052505360966]
[0.057733917529685985, 0.006958793043945255]
[0.020351178980942686, 0.08948348492460145]
[0.15573056293066773, 0.06307998402400722]
[0.04612651169454696, 0.02545528953893439]
[-0.023835530517099246, -0.09514100511039016]
[-0.00997324031405128, -0.02326874200650708]
[4.687192400015805e-05, -0.06542427505900633]
[0.09571530637964598, 0.022747564984221258]
[-0.08931439897023602, -0.013697690527799455]
[0.05458828549797384, -0.0036191761063426586]
[0.019703350121058616, 0.010647665011244756]
[0.07829836772371562, -0.04670524048847691]
[-0.05983087047913904, -0.08058031126223916]
[0.05325751455760508, 0.04266862374088526]
[0.0035419650710471484, 0.07527492686053297]
[0.03476360119732401, 0.010896219012921315]
[0.02776758015884856, -0.05355308270796777]
[-0.02915901229147988, 0.04356369434343249]
[0.06376808120259891, -0.06535226412006967]
[0.03833830663035532, -0.009142494076772256]
[0.024410406136135154, -0.02027679518236647]
[0.018312358203018533, -0.027895486158566962]
[-0.03362442172178126, -0.011471640406285677]
[0.004983797395751485, -0.024198940705655647]
[-0.001677623028335129, -0.07381304831881003]
[0.0798279568378048, -0.05905346589962429]
[-0.07301925466934983, 0.00488228555491832]
[0.09307694952045409, -0.019719178744669608]
[0.06583907264243449, 0.03291550793642439]
[-0.0193364408164593, -0.00785457487101654]
[0.1336348762121192, 0.021934847652341438]
[0.004311043354815136, 0.1091545341462789]
[0.054876893620080205, 0.07612129832752057]
[0.02420715308708582, 0.03262650984562904]
[0.052801779182449424, 0.054180156799764234]
[0.03278534538548311, 0.059223005040634935]
[0.0752466738700805, -0.020762723110048342]
[0.0017402895276864006, -0.007413790865960945]
[0.049182643799109374, -0.09752785261535524]
[0.05906479657376951, 0.012163125521457097]
[-0.006279690026713969, -0.0050385798185964]
[0.02768023885745613, -0.026503738494458362]
[-0.009915245373869813, -0.03882744366534982]
[-0.010493258086271162, -0.008194816792930631]
[0.13828052998630713, -0.07961429063282613]
[0.01893363709131357, 0.02821983436038116]
[-0.00975653867939194, 0.01690449276854805]
[0.007359721706725275, -0.03962013766280319]
[0.06727755733166435, -0.019309692352985436]
[-0.06129635525970245, 0.0315261493994488]
[0.01648340434595033, -0.04498172681667108]
[-0.03315991916234068, 0.017781259499978677]
[0.05880909325113454, 1.3747052449615549e-05]
[0.09654817072044328, 0.003154392702815048]
[-0.10435051457018912, 0.02521095605491258]
[0.032891639069052486, -0.004685604213686995]
[-0.003947351295078658, 0.04738755769603786]
[0.03431792938496114, -0.040983433230710214]
[-0.05692935255080217, -0.06860743464874511]
[-0.036227162006499405, -0.043978940609560896]
[0.04050755885302472, 0.018272775956555132]
[0.08575403674834406, -0.022076955623205552]
[0.0629333017729809, -0.02077326590249215]
[0.020044347370543877, -0.028850181410268377]
[0.03881611556231261, 0.012366181049266428]
[-0.006384860247516944, -0.06414263810635772]
[0.0522631213230825, -0.026089905129390606]
[0.10128114372826999, -0.06931211216904659]
[-0.04245645809701051, 0.006915818908322241]
[0.04668175616859513, -0.020005741994404386]
[0.041224608565739285, -0.029291764663863906]
[0.017095568420078366, 0.014113796764332165]
[-0.0030023038633436028, -0.01211289946458144]
[-0.06589912138253445, 0.005838158521532771]
[0.07143403443933588, 0.04324474415795897]
[0.027658225414769005, 0.045321690117236885]
[-0.03379487384705565, 0.02026550265174651]
[-0.007204854307156422, 0.02884302230852448]
[0.010762065405958532, 0.02097744371424619]
[-0.04030267304170093, -0.04174373820217889]
[-0.005085403655381016, -0.032424143290210664]
[0.03969496028952724, -0.01063931547276492]
[0.02325003503365991, -0.010854523464195381]
[0.012218177190043644, -0.023292584764007973]
[-0.06887354843987448, -0.011803241718188029]
[0.021663005417317478, -0.023586807519201225]
[0.003267062917283625, -0.02069736283040191]
[0.02302030706685773, -0.022690936116070815]
[0.03175332489944083, 0.008502070623704117]
[0.01970585332398206, -0.03618310809020209]
[-0.02413741822681309, -0.01085694627791478]
[-0.050227025402105024, -0.03509662583711037]
[0.0021679628119378735, 0.03321763562521102]
[0.0017684939873976735, -0.03840419531895162]
[0.03961958710595992, 0.03737567008030113]
[0.06535180424760742, 0.052643790767250065]
[0.002768538898995712, 0.04641589118437972]
[0.05307273275220156, -0.006188643878270839]
[0.0011991907231044957, 0.04456009778088116]
[0.06793298284724897, 0.008584791839369776]
[0.0068394371346396435, 0.03490381968021011]
[0.05547453794237259, -0.022200038604725025]
[0.018399580332979115, -0.04731806168741293]
[-0.02686031266482375, 0.04811373954184994]
[0.041092686884934386, -0.023530268450991265]
[-0.021384167691176514, 0.00513397041957242]
[0.04463772862031044, -0.023907999998688978]
[-0.016155984954311087, -0.024578111167189276]
[0.020914759667459495, -0.02495229405065494]
[0.013161346713801536, -0.0010855529539588599]
[-0.04018510897219152, -0.03160980098903732]
[-0.04345558517546544, -0.003166279179235676]
[0.023901832130930695, -0.0005255145398010419]
[0.03975645009316783, 0.012034949122752145]
[0.0077141650317108235, -0.03952763981712376]
[-0.022662989471536665, 0.006607983728174449]
[-0.02551243166050962, -0.028004523221489566]
[-0.03995295769252427, 0.01412680812398917]
[-0.002824361417903015, -0.034641029605016554]
[-0.056244711234295613, 0.04367357118063829]
[0.03946508774869312, 0.021087002390687865]
[0.012430080038997926, -0.04776342644322336]
[-0.013308040421382603, -0.07864499219684096]
[-0.07059275409361682, -0.003128658748060842]
[-0.0014313757069729371, 0.003816708816465647]
[0.012033552520824248, -0.028005561571235377]
[0.021710304340052756, 0.051500636979785505]
[0.0361569575728736, 0.00042606897013501566]
[-0.01758578363210821, -0.0030578011129938354]
[0.03494037960937852, -0.018792341013275593]
[-0.020289638883331584, -0.028546603884864255]
[0.054462129076334, -0.016266879777222132]
[0.0026642027830804313, 0.0008079335114293679]
[0.005619218019505268, 0.005582912398617454]
[0.03577436258059502, 0.0012903107065232872]
[0.03891633525409681, -0.02204716639558768]
[-0.014876280919665988, -0.03522165209077957]
[-0.033289648567841834, 0.007375078579953537]
[0.002154449553153359, 0.004569685941130164]
[0.054297019882325215, 0.007399008642707927]
[0.0300150616965425, 0.011446550453939164]
[-0.007772505391428403, 0.01783918975102486]
[-0.008214440504123566, 0.012340012332953065]
[0.015334047121108807, -0.039772168009837294]
[-0.0007075108306219269, -0.026263105948345244]
[-0.008204550274772376, 0.0197481617081591]
[0.02213143120205402, 0.01605087147221594]
[0.017188753172226345, 0.012899792498455548]
[0.02387654506066972, -0.03459809978218832]
[-0.03231473826217808, 0.010587506563689564]
[-0.015697527146022267, -0.004627870517960889]
[0.02340991876901244, -0.04155939782863277]
[0.0025320861244568504, -0.030480487164276815]
[-0.0051032674383861415, 0.019130170025225823]
[0.002326742388440245, -0.020467207179734742]
[0.016612606940703652, 0.015941544115309347]
[0.02578313860731099, -0.03230339878287644]
[0.028565266324052936, -0.008440536540704757]
[-0.023167925988764437, 0.015371764930893206]
[0.04767202052121376, -0.01890844457088664]
[0.031293297985722085, -0.007949735672179048]
[0.006182294889245932, 0.013858995037516975]
[0.002781738266075112, -0.0018854952489181231]
[0.015366463578747963, -0.008554277361313423]
[0.05010337544150109, -0.0046993161716402665]
[0.004900826181469087, 0.0067646068863217446]
[0.029559190812281123, -0.0037813936837899353]
[-0.0042451280711313655, 0.029014358188636596]
[0.07059518572544177, 0.01956710093447145]
[0.005855213452268193, 0.018646789127404473]
[-0.015656949288454562, 0.019371327395518834]
[0.03503713997512606, 0.017410273692827577]
[-0.006736221613970618, 0.00443060417537533]
[0.03329553343735875, 0.003264137728941824]
[-0.02192033018859818, -0.012782472157373825]
[0.004727499714212546, -0.00542924600997767]
[-0.0022598733379873698, -0.014004245151848949]
[0.02854554124412695, -0.03205262464856094]
[0.0034654589077461606, 0.0026567530641152526]
[0.014881448485661752, 0.019817511921660244]
[0.003730925464030574, 0.005730557153611121]
[-0.007931634251281933, -0.005175199977443437]
[0.04447157060542059, -0.008124223911412085]
[-0.01965162628706868, -0.015083099731583588]
[0.006852747286018951, -0.007002769437415318]
[-0.0033075462515043397, -0.027029552562712646]
[0.025455280308164963, 0.00147575530714604]
[-0.01802973211139705, 0.034322821108889026]
[0.012207731017432888, 0.00017884006556628806]
[-0.017529051172848892, -0.022120428757841037]
[0.005395001270927763, -0.008388606944341293]
[0.014156556319305125, -0.01156026882689172]
[-0.00177077435446224, -0.010288484569388245]
[0.03482237257631715, -0.01040684513328359]
[0.003540614386179343, 0.01730214354691622]
[0.007616740717650963, -0.02038963458303833]
[0.002672505611003146, -0.0195596682198816]
[-0.009776323531891833, -0.024811731839262413]
[0.03910772526723591, -0.04534098715578212]
[0.023669773711776268, 0.02324625402629462]
[0.0082073687992276, 0.010652431565597476]
[0.03407250787766139, -0.0035218843427520866]
[0.0011965059297124603, -0.0022478658451669797]
[0.002317175435312374, -0.02009827316737363]
[-0.01861554797339235, 0.010727933239902607]
[0.005921625867715913, -0.01768181078744556]
[0.011901245111110875, -0.022725452364590018]
[0.0015534932627628423, -0.001596991240513615]
[-0.015084468850973531, 0.030807700439669704]
[-0.0012249960502947743, -0.017467881160421618]
[0.023839376586622413, 0.0014639425097647957]
[-0.009592919130999078, -0.014961095491510049]
[0.015022250016855171, 0.014925471058600578]
[0.012330581408523528, 0.021251882981048367]
[0.015376621518561284, 0.010891421610344926]
[0.02912238308617704, -0.012942688983717865]
[-0.032981698934137466, -0.0005384908447831627]
[0.011177073052112144, -0.015044636250983262]
[0.0016696835103742202, -0.011082807060598485]
[0.014752844926078021, 3.6223929156420365e-05]
[-0.001492784523721813, 0.006647861933859064]
[0.025522922918633145, -0.0019538412034109665]
[-0.02117291476637853, 0.002929319747770054]
[-0.00997227343572444, -0.0012610915997427474]
[-0.0021179130557486825, 0.0013943550469420196]
[0.024462063688182597, -0.01011790540935717]
[0.015901997834968318, -0.0071191918014527344]
[-0.023187336738111936, -0.002125559623151363]
[0.025739590413574043, 0.0076386015760777914]
[0.013841572764535806, -0.0015649657995874533]
[0.0010635416486147464, -0.012267804243065755]
[-0.025054425414537798, 0.012984390964435655]
[0.014122252014662814, -0.0006294489616538446]
[0.015540698249606674, 0.0034333060693092776]
[-0.012348251045355502, -0.025652151563831882]
[-0.004220646479184215, 0.004335695022252756]
[-0.004133859385971127, 0.006038510970097444]
[0.00047463881352521886, -0.02455719768119144]
[-0.005813556975378435, -0.007005745905197119]
[-0.011608161404842943, -0.005754469994151357]
[0.0037601736782926463, -0.009658444032658975]
[-0.013934630005485338, -0.009323901533900752]
[-0.00018647199381917334, 0.0067031089150008105]
[0.002919986302667571, 0.01307805468738689]
[0.00926378454784585, 0.018312545358143334]
[0.012816121467794067, -0.004507892515205225]
[0.004687114444521065, 0.01679683432313611]
[0.014782092710986378, 0.0005104612573283845]
[-0.008376521353082547, -0.019973662594697128]
[-0.004201725826547292, 0.015346727200643465]
[0.002745293724769504, 0.018126525761003737]
[0.012721250165780934, -0.006378996402937348]
[0.03019665003260208, -0.01106295893918273]
[0.00239198528559309, -0.0020091935236072125]
[0.0023824074802279716, -0.010726909535166196]
[0.000510742364334682, -0.01509600153755078]
[0.019439515484822367, -0.015121497526488017]
[-0.011031081071101817, 0.012816166410668545]
[0.01888626860191825, 0.0013926805140827836]
[0.005101878004850777, -0.009036810457656794]
[0.029607828341343664, -0.02485827762074888]
[0.009507492912778928, 0.006929317883731051]
[-0.007258591684537116, -0.00715520881444244]
[0.01924270864158692, 0.018029414845087383]
[-0.004255408410482643, 0.01330522345862381]
[-0.007481163151206879, 0.009238939086516004]
[-0.005954252284053235, -0.024995566242763403]
[0.012016954969822722, 0.008578784497268357]
[-0.02703294341935167, -0.021800292864416496]
[-0.0047062271126988645, -0.02012542561477685]
[-0.002171216513529861, -0.01978257565480565]
[-0.007205426458621482, 0.003445777764541594]
[0.013680728835537878, -0.00750786914597755]
[-0.022363564637467637, -0.008975742607868972]
[0.007510917528175329, -0.016265012256895944]
[0.01306728741219114, -0.02005433658114235]
[-0.024613786453142564, -0.0063615253755801085]
[-8.741255665406511e-05, -0.015095380112028808]
[0.007681026728039997, 0.0027091808114721935]
[0.014032879595345688, -0.012661327390546026]
[0.01115285349211928, -0.01003263616279966]
[-0.0051567690653904485, 0.0063032594574661815]
[-0.0029382679166523873, 0.010158985984053901]
[0.01905649769862662, -0.0128489838635589]
[5.515346748335981e-06, 0.004670703855145744]
[0.0021144454936998097, 0.019335833562968724]
[0.01848833594473781, 0.006271026258463763]
[0.01629666715963181, 0.0191715499194835]
[0.009778012748317383, 0.00966744875424616]
[0.020733966367502396, -0.006491420182354518]
[-0.016004937354563264, 0.008659420665331596]
[0.0023499945234312265, 0.005145717152978013]
[0.025909068838856464, -0.013060700481881543]
[0.023205729791890797, 0.01925596030565349]
[0.008559555921442363, 0.007195866758065633]
[0.02243412498337745, 0.005643665435743711]
[0.013064112817402357, 0.007599266764065499]
[0.01874884176520382, -0.0125653591711678]
[0.010068669785231923, -0.00859610151506049]
[-0.013914115285276682, 0.004088924832810148]
[0.021396734184853716, -0.020042320253093354]
[-0.01359646327577875, -0.006007902579026392]
[0.004364575410678431, -0.006823575983683161]
[-0.003041693362780401, -0.0017755988081888108]
[0.014464090429128246, 0.0019114615534818191]
[0.0009919279436316486, 0.0027444594746723616]
[-0.0017793325630170755, -0.0034459876999109462]
[0.003300947012176342, 0.0026302102424849427]
[-0.011227723866888376, 0.01772748731200252]
[0.02564653465084249, -0.01195188192530347]
[-0.02679489123606598, 0.0068761198921429845]
[0.016669719952586315, -0.007915175548543193]
[0.018138487090879202, -0.0028560558649551315]
[0.004774641821880976, 0.009448278882718902]
[0.013686222257977429, -0.009905982169401695]
[-0.010836944147319033, -0.020545387598133777]
[0.02357501606001869, -0.00398597681017851]
[0.010602698505204372, 0.0036463651185793255]
[0.010082582673375931, -0.01157400188160991]
[-0.00316961764399884, -0.0036259498623269493]
[0.012948634872523387, -0.0007754128278929101]
[0.0064485724224913055, -0.01429761093939777]
[0.005938569624007239, -0.010132658678913595]
[0.0034204074465205847, -0.010555297165568491]
[0.006049508969213316, 0.008750807250985655]
[0.021741836932328812, 0.015686856487973605]
[0.005505667330866118, 0.004780525135419697]
[-0.0006567857333090177, 0.013134582597222694]
[0.00396684150366107, 0.008172690722481508]
[0.006822444637882216, -0.0032640458365931005]
[0.0238691084473781, -0.014011922232034492]
[0.0077431389278457274, 0.012052186870000994]
[-0.004777324157220937, -0.0026484775074748224]
[-0.019179990665201263, -0.005204829378697748]
[0.0002759854934533054, -0.00385985470125786]
[-0.00805930996744869, -0.006243449158093772]
[-0.0060255923049740544, -0.0013637765716154743]
[-0.00019249543780845355, -0.009656945208593545]
[5.231065801256096e-05, 0.0006442271736816219]
[0.020953624580761776, 0.007024273446470365]
[-0.019963190667878383, 0.013049804930759246]
[-0.00761604863286848, -0.02641668582296372]
[-0.0010769279387756736, 0.005549194123245033]
[0.004416974234825732, -0.019143895849612534]
[0.00046383034231402276, -0.016494247252675884]
[-0.0034981994092295604, -0.008961419619587643]
[0.010980733482899074, -0.007902864541440797]
[0.0027075230824638447, -0.0030956576176700418]
[-0.00860859796808311, -0.0022006832376478616]
[0.005071625517635167, -0.018637201296970093]
[0.005522246370243233, -0.0019585624918694276]
[0.011890749807301162, 0.000868513277949165]
[-0.01427046936907797, -5.282191381487944e-05]
[0.01075363431630287, -0.0003596340705320361]
[-0.002654322315984753, 0.015061108845717493]
[0.011840261109476613, 0.0020484491059120924]
[0.012985691915590292, 0.009009726959711056]
[0.008712967241911514, -0.0002242079871070668]
[0.006416299405027359, 0.004824948253885283]
[-0.011133856056146835, 0.0020580662266108385]
[0.010696036238838913, -0.010343996380730539]
[0.004580013728115541, 0.0009703462440893984]
[0.004717332855659395, 0.010034408929855299]
[0.00961697483290386, -0.0035907908891028573]
[0.007191887594465443, -0.023763549876527207]
[-0.003601940556400028, -0.0017555538642692048]
[-0.002166375404604376, 0.00019589671428155153]
[-0.0010815494407636073, 0.006701429755261168]
[0.001117739618488392, 0.011756149356950019]
[0.01710703287833447, -0.0031179191679329143]
[-0.007834783387024882, 0.004694966569802839]
[-0.005574537994348802, 0.006717387103643391]
[0.0009705036179170901, -0.007791554544451407]
[-0.00436221617672343, -0.005398596933632399]
[0.00871705487853686, -0.0029165907107129574]
[-0.013558770892277111, -0.0007290191677730429]
[0.012273205895280102, 0.009214004427246653]
[0.0022126098387062476, -0.005483236473571032]
[5.288976974384893e-05, -0.009948052785048733]
[-0.010796435616245825, 0.008355637269404803]
[-0.002950862016169342, 0.0034626100151078087]
[0.010364071193786573, 0.011620149152812953]
[0.006809666560981191, 0.001750383923769916]
[0.010165352437816272, 0.0059142366943755326]
[-0.015113067396832755, -0.00338762879245863]
[-0.0031889940087630464, -0.010544831878438472]
[0.0009867222153818328, -0.02380274987017031]
[0.0043087859316562616, 0.006517708769920541]
[0.0005690958230485099, -0.002745464432395664]
[0.005975848869223671, -0.008681710219747639]
[0.012780920276959165, -0.014021984276854776]
[-0.0020725101518344613, -0.008817685147595879]
[-0.001658794632799665, -0.01681237771811188]
[0.004524021132533432, -0.013869040286623668]
[8.175210701455438e-05, 0.0004821134800018084]
[0.0036090267981367663, 0.004987318430950266]
[0.01056674237780647, 0.005126380819474842]
[-0.007128605268831079, 0.0175340617773984]
[0.011455128254059768, -0.0007385329742531956]
[0.0008440422078337256, 0.00121466830212838]
[0.0058077274993241085, 0.008290842017515725]
[0.004098720379605927, 0.005494857547798236]
[-0.009094248358983634, 0.005794405395982166]
[-0.00120429736568215, -0.005707412344960798]
[0.00957215325336623, -0.002520617868210298]
[-0.00989890109381435, -0.005049134012886765]
[-0.003279112345288434, -0.0203074758773295]
[0.014042132062771502, -0.015335156001971294]
[0.007591109370556362, -0.0025323659263775528]
[0.0054018116301515, -0.0007491523091371147]
[0.003990338910065644, -0.002017683356529444]
[0.008459663393936862, 0.004754730563777038]
[0.011171865223445557, 0.0019547697716027074]
[0.008742011307746614, 0.004600645908853486]
[-0.0042373859964121435, -0.004514946748769656]
[0.013262877465944942, -0.0013726127440157956]
[-0.00016832521466431105, -0.007787970341386445]
[-0.013965931290358613, 0.007180144404139083]
[0.0072971302481723566, -0.008953320084589558]
[-0.005225836449469223, -0.00437551506853924]
[0.007865369982184567, -0.00034312964085772557]
[0.008379302870649127, 0.006387720501741093]
[-0.010654564479737144, 0.002083075045527051]
[0.0029459396540801805, -0.0038051967800597497]
[0.00944301756435098, -0.00698013825224305]
[0.010440444386689465, 0.010274606383556179]
[-0.00802340575210686, 0.00620275094072649]
[0.009779847706845618, -0.012975121411246182]
[0.004484986972209309, -0.00021753815904315688]
[0.012629278360929305, 0.009456936059488552]
[-0.00602225473624346, -0.002413044924673813]
[-0.0034972968076542564, -0.005110643238160684]
[0.013256041092115062, -0.0068493714933849925]
[0.013256493866209387, -0.004536620764597626]
[-0.007747961534214434, -0.0007662414745099322]
[0.0035927380066757483, -0.012917619523279411]
[0.007268272023306738, 0.0070572719735813305]
[0.005195435727839912, -0.01309581103089591]
[-0.0010418867161676934, -0.0013068271177048563]
[-0.008465529189603221, 0.0020940375551607437]
[0.016944498561090773, 0.0052246467301337585]
[0.011376427787559595, 0.007533390104539628]
[0.00930249359612148, 0.0156424365569324]
[0.009081863933403697, 0.011535115093748716]
[0.009994822102322155, 0.008095615329184513]
[-0.0004152724806257002, -0.00015570139924313275]
[0.013622225925614174, -0.001976285676539985]
[0.004014241128761059, 0.002068482761004589]
[-0.0001512061907876852, -0.010636555356980992]
[-0.006074842204662562, -0.0016193815498762865]
[0.014602438909603124, -0.005520804466656981]
[0.004974119108609065, -0.0027326418446277922]
[-0.002471023460041924, -0.009864167534602453]
[-0.010669658578829705, -0.010234233787293212]
[0.008061527996788213, -0.0004490453393546784]
[0.017218078933159908, 0.008563431327330583]
[-0.003811643331035841, 0.004318235743425172]
[0.00570609217513296, 0.002207344665778141]
[-0.0037003529871284108, 0.0033644550733303927]
[0.0003180678963728284, -0.0022649869209347764]
[0.0016271137119397844, -0.005050570111827878]
[0.0002168165020291768, -0.00541399736800521]
[0.006970896950687075, 0.003002771884839696]
[0.0050086348286426385, 0.00026906927674184844]
[-0.005467429114876396, -0.001269738215477656]
[-0.003806842188168194, -0.010433525434288458]
[0.0007202002526438128, -0.009855916615700074]
[-0.003672570809040182, -0.007895107188523778]
[0.0037150713664781954, 0.0013632525936196384]
[0.0094415143567491, -0.017478065770518796]
[0.004144887088698278, -0.0002901193077308323]
[0.0026270526151598445, 0.005611890462279855]
[-0.0052626313777935285, 0.013600731720791487]
[0.0014136671458568738, -0.0060260098828980105]
[0.008094064556963071, -5.2899783761529984e-05]
[0.007147336304249116, 0.006787429691283511]
[-0.001455267032746288, -0.00029778929115385766]
[0.010689500097427043, -0.006536231748918344]
[-0.0012211858258277322, -0.00830142354720858]
[0.0005096932614131952, 0.001337953092287049]
[-0.0021109749222921748, -0.004765976609483469]
[-0.0038522523736637324, -0.003905719258209088]
[0.008270337432030053, -0.008248782641312992]
[-0.000609303865565694, 0.000965329627353087]
[-0.0037732857454654267, -0.00990236435172846]
[-0.003760007866140891, 0.0038069911531271455]
[0.0024460084494138112, 0.007922518991520223]
[-0.0007569507774114054, 0.0024420973593005657]
[0.004593010781700296, 0.003692552403083263]
[-0.002017155455198441, -0.0038474273733129227]
[0.002268697035622741, -0.0024615136568544166]
[-0.014266085232020873, -0.00018948897866351289]
[-0.002586367439445514, -0.006413271051376783]
[0.004918519846906361, -0.003060810813249659]
[0.003885391650015446, 0.011500806488806137]
[0.0012349078808503444, -0.007725609582790519]
[-0.007973235675751172, -0.0025996765142223544]
[0.0069664832580630595, -0.007123451668996611]
[-0.01028989882073876, -0.0025535660327833526]
[-0.0025763698717060704, 0.003481598747436726]
[-0.004468866358978127, 0.008002183408273411]
[0.015460563564491178, -0.0028645339040557216]
[-0.0028326203807251954, 0.004630422846262527]
[0.004974413002223184, -0.0012842764755503777]
[0.002356619660537046, 0.0018637332851434985]
[0.004273156495238642, -0.002776217789700719]
[0.001479338924461962, 0.008398046453391178]
[0.005413064376027149, -0.0034861535185759795]
[0.010486457657084704, -0.0012062933160660871]
[0.005182662313301389, -0.008117384261204924]
[-0.000282544150973528, -0.011785249101556317]
[-0.0012478817859133268, -0.0030340851154740667]
[0.012441865838717255, -0.0068764844245672585]
[-0.0051939688015624624, 0.00834973741723935]
[0.014556250205248325, 0.004324481676309749]
[0.0034744289212897683, 0.008503558507883827]
[0.005410364999872217, -0.003340199789587689]
[-0.003417872666387406, 0.010850731596811186]
[-0.009901220351517893, -0.007140858413170775]
[0.0034900940955284177, 0.0021426886820429952]
[0.005383430926782964, 0.0031254653286845874]
[0.0020309862773622567, 0.005670743326630166]
[0.0003808567874788657, -0.012075561724936845]
[-0.001271626260597139, -0.005979467640151642]
[-0.0001243935548059516, -0.009951873028594793]
[-0.0003025553147526644, 0.0016854098994713365]
[-0.0015542882485651, -0.004778249997992999]
[0.002036294122788093, -0.0008817238352377965]
[0.013539217743461514, -0.00046415058098776135]
[-0.004079201641248947, 0.004758243606351815]
[0.0037995573125265275, -0.00618539458645799]
[-0.0019751766901762446, -0.005499933834016993]
[-0.003817191778190711, 0.00020119372502145488]
[-0.010235035316866328, -0.002296983112713702]
[0.0050454139686696015, -0.002479892110735935]
[-0.0006974071765752723, 0.008213730988386049]
[0.0029203229420932467, 0.0015558051434099267]
[0.005063745874350673, -0.009100911644977394]
[-0.005299918087497465, 0.0009129664438388765]
[0.01431229364670978, -0.005189980933877465]
[-0.003979598479484151, 0.0006736369938472736]
[0.008079521845126378, -0.0013112717271499194]
[-0.0003911922853436483, -0.00601801129498044]
[0.000689396895998777, 0.005168506155567715]
[0.003524435090406862, -0.0029152567072283433]
[0.0070577314107142936, 0.0015874430974232023]
[0.0011914032429536092, -0.0019158967380547356]
[0.004891384204377902, 0.003484705979086629]
[0.006655069836103422, 0.00049002369856678]
[-0.0017077310024303169, 0.00847193537768446]
[-0.0007613757230487961, 0.0005034814690964527]
[0.0008188685724863781, -0.010609101479588299]
[-0.0021640971078866478, -0.0015970371848098054]
[0.0040486784766660955, -0.008428427896426428]
[0.0034688882181528324, -0.0053657286695504725]
[0.00037209838666966977, -0.0007295134361558347]
[0.009162914214409512, -0.0033497564458334385]
[-0.003030840595123749, -0.0018370679039243082]
[0.004575997242675031, 0.0036790203422702762]
[0.0014743442333924328, -0.003142996731605091]
[0.004435880823607033, -0.004046322299874804]
[0.00855216893872069, 0.00572402580118081]
[0.00146963522762375, 0.003607274277989965]
[-0.00011572572248180063, -0.004385492065405935]
[0.000916287995189044, -0.002135874208935226]
[0.002692822266665628, -0.0026770343427119647]
[0.0008069716086615553, 0.005410157193309464]
[0.0034018707602180096, -0.0026044749161439062]
[0.0013824700898003028, 0.00026526999787751526]
[0.006751316521489421, 0.0020109012734363108]
[-0.0018926184515194455, 0.003362346215190312]
[0.002564029425572281, -0.007388741957685574]
[0.009580991027230798, -0.0010372953121695616]
[0.009562214661383177, 0.0031066091434638343]
[0.004827971519751832, -0.0016549334345068445]
[-0.000649458917898936, 0.003319644153536472]
[0.0037778296517309295, 0.003039388555244188]
[0.00038031012184255863, -0.002293679457005676]
[0.0012256518605375973, -0.007555740497486335]
[0.0036257408866596508, 0.004806557638966064]
[0.006753905957671096, 0.0040129036200326484]
[0.012520896606165358, 0.004062480424135859]
[-0.0009770223591911032, -0.003996631148696722]
[-0.000777875663396807, -0.0038289972975500686]
[-0.0028367016804992894, 0.003734433997068437]
[0.001287092851962185, -0.011171128522823648]
[0.005576080527321878, -0.010880346683025496]
[0.0028576531885832618, 0.010260427690234067]
[0.0025019616595215732, 0.011225317922665803]
[0.003444960860438162, -0.00029177494449158375]
[0.0031117677097288465, 0.0029120821072141784]
[-0.003009069238977438, -0.001171732420735077]
[0.0006369638512361622, 0.0026996895435047463]
[0.0024418639929095903, 0.00010784030418289556]
[0.004467823515573219, 0.0003712139340687551]
[0.0050217224437879016, 0.002779485416199901]
[-0.0040807439006801255, 0.0007893956231692922]
[-0.004046730401628257, -0.008357888580242303]
[0.00713708045935775, -0.003986135728622442]
[0.0007616337369510118, -0.007939911878881357]
[0.002897825820658312, -0.009639055101373181]
[-0.004092586467492179, -0.00778782742679969]
[-0.003090356890105138, -0.00040294890913913396]
[0.0009348730743776179, -0.004031936587850983]
[0.0017281699444039525, -0.002964897481622566]
[-0.003210799249702058, -0.005322007959266024]
[0.0038726472562773985, -0.0007144811433616206]
[-0.0009763916321701288, 0.003984090703022657]
[0.005351228199229695, -0.0005969814258630635]
[-0.0006533553196027722, 0.002998494549130523]
[-0.00611487355229976, 0.010750881864125858]
[0.0015534264383631896, 0.0045725749040943335]
[-0.0023007541720900804, -0.0010356524462340547]
[0.00029870917008423606, -0.00051053309125898]
[-0.000798941901921979, -0.0038699366870653465]
[0.0022726091494052053, -0.001014919926231473]
[-0.005572846453932766, -0.00897058916739596]
[-0.002053808058901971, -0.006368393686628351]
[0.000869585566538697, 0.0028063346495434856]
[0.00545051632390553, -0.0016420513054670183]
[-0.00039556427769561753, -0.0006124148975470631]
[-0.00014097176877009288, -0.004167852140487739]
[0.0032390029957721223, 0.0015979728370150506]
[0.007927454551061891, -0.0023538114245928443]
[0.0022996911156356464, 0.0010504796812451644]
[0.005531780598527963, -0.0008778005218425255]
[0.0015135673823947343, 0.006473112384297014]
[-0.00021967051316451602, -0.006589862389909801]
[0.003829267582974069, -0.009713421318759359]
[-0.0012970845673868706, 0.003667338474705864]
[-0.0005208771081265523, 0.004423504224244874]
[0.004355621824773087, -0.001044974335823609]
[0.0022518928408944844, -0.0011517883859415295]
[0.0021088221446225776, 0.003612092717241777]
[-0.0037458741260115586, 0.004177340446672187]
[-0.001817755374742408, -0.003911038205557299]
[-0.0016375470424219718, -0.0028836226126889575]
[0.002612009399963172, 0.0015227797356755501]
[0.0009161570902653099, 0.001194748014246405]
[-0.0022276313135551964, 0.005876817398440204]
[0.006794257869039033, -0.004270212612029534]
[0.002894342729134587, -0.0024372763267000164]
[0.0006379198841823877, -0.008030848682111874]
[-0.001814450599935187, -0.0015843947792363727]
[-0.0027690346941479232, -0.00217164404254494]
[-0.00030346283885979153, -0.006773051206925659]
[0.000316042607559755, -0.008646071455909204]
[-0.004753657656247787, 0.0021927262680099396]
[-0.0018722161081230447, -0.0044857930484002995]
[-0.002420071543353969, -0.0034822539112682876]
[0.0010841058154577518, -0.0015636183653537222]
[0.0013165168657185145, 0.008007506277395202]
[0.0001005337447441499, 0.012021739780284174]
[-0.0032617823703745413, 0.001767154931491613]
[0.007221031204466575, 0.0037424392138498686]
[0.010558750062020741, 0.0070038394311815605]
[-0.003549138740104041, 0.004103832496016771]
[0.005827879706210196, -0.0043437830433857225]
[0.0022026313170547124, -0.002055047927867676]
[0.0010417854396476967, 0.002083024320852816]
[0.008111580583695384, -0.004466826817586422]
[0.0002862966230626901, -0.0011580677271641644]
[0.004984758723762646, -0.0036185460038377984]
[0.0067625224435346465, -0.0015488735470954168]
[-0.0013755956684831372, 0.0009118062010324557]
[0.0030851391312960996, 0.0025840989002800067]
[0.005830881911409312, -0.004378028962667049]
[-0.003011534451034345, 0.0005768886591289886]
[0.008819937429030623, 0.0012243532250539174]
[0.007123007962632925, -0.001403557719012117]
[-0.005214228846611962, -0.004681742663533037]
[-0.0018752326846855905, -0.002293220336782864]
[0.004586585238252852, -0.0014391171835588558]
[0.0012741625267466555, 0.008227345716573083]
[0.002741924931212038, -0.009374496353960943]
[-0.0024168257671513538, 0.0002590946544697992]
[0.002312596465621434, -0.0029021777272189367]
[0.004298762614197994, -0.004022275362063031]
[-0.006382998380981393, -0.004327319245955252]
[-0.005736548743623402, -0.002258160521269051]
[0.004041147616684119, -0.0035507907337672118]
[-0.0062816394067351025, 0.00509413767699762]
[0.003477371706180468, -0.001424287863202263]
[-0.0010253628035591725, -0.0031786211359685415]
[-0.0015853089878848162, 0.002951744951642847]
[0.0049083469418278736, -0.003119237647890065]
[-0.00043449150835323663, -0.0007683080380935133]
[0.002551413302176876, -0.004398563071218366]
[0.0008143070047500894, 0.001349715983813695]
[0.007327450349258968, -0.0023029265912030347]
[-0.0028168424523582203, -0.0025153216150380145]
[0.0029251475744639654, -0.008200536714952189]
[0.003243826008675496, -0.0021932988270835993]
[0.008036709225187719, 0.005106572847684024]
[0.001742571939648871, 0.001503806651307435]
[-0.00023810316684490934, -0.003783897277588974]
[0.0031476798008652634, 0.005803287058356907]
[0.005167724614240032, 0.0057328241435538885]
[0.004779607868954927, 0.0043571384732580265]
[0.0032187460065388473, -0.0002379860745543444]
[0.0039249140471312866, 0.0013248422949525898]
[0.0026054388921355406, 0.00044853163905025917]
[0.0026747890284663234, 0.0005182288977141764]
[-0.00015914126784203307, -0.002213725749902584]
[0.004262901712259862, 0.0030460310913196648]
[0.005082741770783172, -0.0010417404647451722]
[-0.0006047987537564359, -0.0013082260190086653]
[0.0013397661688498083, 0.003316344778841948]
[-0.0003065135463232449, -0.004066357251028482]
[0.0014511226402334244, -0.00368104189626918]
[-0.0010922875719618294, -0.0022170344403898146]
[0.00224674181090026, -0.0001602202654514273]
[0.004055959007994228, -0.0011162387804212748]
[0.0014193383396800333, 0.0010526815681806273]
[-0.0013821533002335365, 0.0017869481857607505]
[0.00020408828640616772, -0.0015195584331285789]
[-0.000414634749023729, -0.0020909415186184804]
[-0.0017786762535666328, -0.006545310317862971]
[0.001225914078414339, -0.0013395775192229231]
[0.008385290609863927, -0.0026542259065636953]
[0.0026273105647449703, 0.0006831844860138159]
[-0.004303115492563556, -0.005437911890005823]
[0.0017599946044592335, 0.0020821429583771783]
[0.0014857829263777295, -0.0011694317014895525]
[0.00835117294357884, 0.0016977165908535763]
[-0.0003765783221444108, 0.0015493865808683255]
[0.0035470525029448405, 0.0022241999606765483]
[0.003764233112542592, 0.007654145548851771]
[0.000755549159984055, 0.004436695545500191]
[0.00019172509140633065, -0.0021577748847393385]
[0.0024802071418281377, 0.0018430397109664223]
[0.004508156735068783, -0.0010829573608732365]
[-0.001731008787519285, -0.007576198006569883]
[0.0017992536650568436, -0.0009731108411569732]
[-0.0012523799537268454, -0.004324940871949769]
[0.0030689716097723196, 0.0020759712582439447]
[-0.001146399699728462, 0.0015873706903782245]
[0.00403446020969344, -0.006868446974875944]
[0.0036199728872785553, 0.00016665154566049972]
[-0.0007135796295745442, 0.0017009288816136198]
[-0.0009417241910419094, -0.0052676029734373825]
[-0.005839992143513231, 0.0037418588678592712]
[0.004294241636871553, 0.005016754683006608]
[-0.004243713581605711, 0.003376293222414367]
[0.004116161136897126, -0.0020997091157893347]
[-0.0047261854429485935, -0.002099107743262607]
[0.0011929034362651442, -0.001931266602452606]
[-0.003695452298511758, -0.0002457251715764497]
[-0.005513928910800641, -0.0009579195192488954]
[0.001269738667834766, -0.004302351549834476]
[-0.00542836257430894, 0.0034513005608745734]
[0.00391948777424745, -0.007038398722860398]
[-0.004903711908001221, -0.006898547854249863]
[4.359154887630806e-05, -0.006779688713937467]
[-0.0005644900839050157, -0.0026528929583031144]
[0.0026315724408271027, 0.0005802422006854421]
[0.0037650322949949674, 0.00428551986424134]
[0.004495776762037884, 4.005424421650583e-05]
[0.0026160735752251696, 0.0023847650108239637]
[-0.0016364046970444718, -0.0010943009076687174]
[-0.002977746197095704, -0.0075278661395626854]
[-0.00043746490033222396, -0.00349669942462337]
[0.002520025348865043, 0.0028450887002806693]
[0.0047357431268669065, -0.004114577884917779]
[-0.0027009985005198994, -0.001182320530810979]
[-0.0025459401916726535, -0.0017507705890290881]
[0.0015771034486820185, -0.002301272932396875]
[-0.0007410581833220339, 0.001037140693247618]
[0.00045945249819318024, 0.001409571904569605]
[0.0033450994306778933, 0.0032096562279334967]
[0.0041029639999477785, 0.004960153874620614]
[0.003837288886299549, 0.0026836448451457162]
[0.004872574055726664, -0.0010862622425246299]
[-0.0005341828076296466, 0.002286129695732844]
[-0.0020207841671457116, -0.003019083707292411]
[-0.0013544592929141779, -0.0002170833118892712]
[0.004536750358746275, -0.002703113627456885]
[0.004409730378559115, 0.0031713019214274357]
[-0.0038299937332683803, -0.003433768446753971]
[0.0020225909159419936, -0.0004918711670103271]
[0.001002897415407114, 0.00025926992106788116]
[0.00619521903634114, -0.0014513671079737084]
[-0.004191581099105238, 0.001103926708309333]
[0.00027771713598648273, -1.5807297512937524e-05]
[0.005889258745535003, 0.0033811854121823803]
[-0.0021480878326573666, 0.002449707686422886]
[0.0032520798605840586, -0.006491334103099766]
