[-226.30720353011577, -147.5531894040386]
[-2.227152476204438, -30.506178003540057]
[-1.05752521301536, -6.890233694654597]
[-0.15547410458095, 0.22053807117114038]
[0.2766519654996973, -0.2161681647843574]
[-0.05532911577133248, -0.6694297333473251]
[-0.011916241249821269, 0.20383194502814916]
[-0.011845116329438632, 0.02739584264665179]
[0.04211159378622176, -0.02630504621889307]
[-0.012514288842920607, -0.12468681888477917]
[-0.0030968184570348, 0.06333229216541092]
[-0.0012634977650307633, 0.007978670315143543]
[0.01469455057970026, -0.007495115605407832]
[-0.0050977435461723175, -0.042277741501319355]
[-0.0016437295341917846, 0.025911990126513018]
[0.0004117717330798243, 0.0032705652873796787]
[0.00712690221750456, -0.002999544155445233]
[-0.0027011848014275586, -0.01902903584503335]
[-0.0010622778992939175, 0.012848023881559811]
[0.0006922478403867949, 0.0016068328403385235]
[0.004119118124603527, -0.001434183270999756]
[-0.0016562224750300558, -0.010097609975116661]
[-0.0007491790449734026, 0.007220653954577827]
[0.0006773489271132416, 0.0008798799490541409]
[0.0026525393566091404, -0.0007606655949995433]
[-0.0011130711053115583, -0.005965021277734017]
[-0.0005567491102302924, 0.00442468323408729]
[0.0005993365643184312, 0.0005158521710067476]
[0.0018372912835213917, -0.00042885632912181837]
[-0.0007962948379942603, -0.003798996614393424]
[-0.00042899700556198184, 0.0028870996594339005]
[0.0005160491285329805, 0.00031548827760696785]
[0.001340842909843265, -0.0002494022160635101]
[-0.0005959321196309375, -0.0025574897155520304]
[-0.0003395885539720922, 0.0019752507102470673]
[0.000441884426579886, 0.0001973433957163928]
[0.0010175677436758956, -0.0001455917100701143]
[-0.00046134578627898826, -0.0017963531468869753]
[-0.0002745020429291145, 0.0014020950885393901]
[0.0003792159690245711, 0.00012397334134303661]
[0.0007959753009585402, -8.247362849878037e-05]
[-0.0003666568941160797, -0.0013045920621457263]
[-0.00022563255635299484, 0.0010248214299495295]
[0.0003270918774878062, 7.655962306885034e-05]
[0.0006378042889438884, -4.264387201269315e-05]
[-0.00029754568460527153, -0.0009732447114552123]
[-0.00018800614705805074, 0.0007670174085241399]
[0.00028383165990986114, 4.4960333738214286e-05]
[0.0005211438937821056, -1.6811455951337706e-05]
[-0.00024557629215982146, -0.0007421814739485555]
[-0.00015842513875830022, 0.0005853213659121614]
[0.00024780198899199135, 2.3393420887640737e-05]
[0.0004327439730208438, 2.6883537074251507e-07]
[-0.0002055208452673707, -0.0005763780126231133]
[-0.0001347551038515249, 0.00045390296791403273]
[0.00021761689542243445, 8.406441343727922e-06]
[0.00036422438723682227, 1.1697187924153418e-05]
[-0.00017400116670129862, -0.0004544967632784669]
[-0.00011552613204379725, 0.0003567353084972247]
[0.00019215553009743758, -2.14328058467661e-06]
[0.00031008235144147633, 1.9377366899275827e-05]
[-0.00014875632074784484, -0.0003630364316324908]
[-9.969876449300585e-05, 0.0002835232226794382]
[0.00017052749034696113, -9.62980812291292e-06]
[0.0002665874099146426, 2.451676372006162e-05]
[-0.0001282271943816582, -0.0002931726180293026]
[-8.652096491856831e-05, 0.0002274528236614337]
[0.00015202888687082527, -1.4959372198558585e-05]
[0.00023114029337129027, 2.7902466087526e-05]
[-0.00011131058344715505, -0.00023897362499036845]
[-7.543769950513202e-05, 0.0001838954789441516]
[0.0001361025532924387, -1.8744327649922177e-05]
[0.0002018862214760997, 3.0059830951278954e-05]
[-9.720816930514076e-05, -0.00019635324385269826]
[-6.603207907485142e-05, 0.00014963433857828612]
[0.0001223055278247731, -2.1407287399827224e-05]
[0.0001774737011644434, 3.134674571225737e-05]
[-8.533076112804405e-05, -0.00016243509142155332]
[-5.798605481888153e-05, 0.00012238806773123834]
[0.00011028355810460688, -2.3245367260588123e-05]
[0.00015689958703218876, 3.2011364974326995e-05]
[-7.523585713209435e-05, -0.00013515518415041505]
[-5.10535742663798e-05, 0.00010050936921079945]
[9.975145657237228e-05, -2.4470889423505726e-05]
[0.0001394069354499483, 3.222842121064495e-05]
[-6.658591111730061e-05, -0.00011300686476745092]
[-4.504187548026728e-05, 8.278939759676085e-05]
[9.047805481654514e-05, -2.52377874015719e-05]
[0.00012441609046565105, 3.212260128127031e-05]
[-5.9119817127140095e-05, -9.487321849199759e-05]
[-3.9798215888176e-05, 6.832804464829145e-05]
[8.227468214161426e-05, -2.5659100891972653e-05]
[0.00011147721883611461, 3.1783913447602785e-05]
[-5.26330373589734e-05, -7.9914632489686e-05]
[-3.52003028170067e-05, 5.6446186087022454e-05]
[7.49863167479603e-05, -2.5818788832260298e-05]
[0.00010023700456562867, 3.127798039992413e-05]
[-4.696350466737442e-05, -6.749190828725382e-05]
[-3.114929060266114e-05, 4.662523856002743e-05]
[6.848475630705231e-05, -2.5779844329276713e-05]
[9.041488120153929e-05, 3.065305027005749e-05]
[-4.198145944322995e-05, -5.71127722654996e-05]
[-2.756458688635277e-05, 3.8464840195540084e-05]
[6.266331733195685e-05, -2.558995610538184e-05]
[8.178580912165945e-05, 2.9944845751028737e-05]
[-3.758201399842176e-05, -4.8394074293467426e-05]
[-2.4379952433761787e-05, 3.1652774404644646e-05]
[5.7432695331427475e-05, -2.528551461833395e-05]
[7.416761945419625e-05, 2.917996446005766e-05]
[-3.3679639674377704e-05, -4.1034686824037436e-05]
[-2.1540539631326183e-05, 2.5943299032049616e-05]
[5.2717710586902555e-05, -2.489448385784021e-05]
[6.741159346856929e-05, 2.8378293324582415e-05]
[-3.020402838296854e-05, -3.479581658960562e-05]
[-1.9000619620124226e-05, 2.1141333687357822e-05]
[4.845473410997059e-05, -2.4438484116762194e-05]
[6.139536747268304e-05, 2.7554742957236478e-05]
[-2.7096950874883063e-05, -2.9486526333055707e-05]
[-1.6721821357146283e-05, 1.709078592171398e-05]
[4.458963806874827e-05, -2.3934319467205922e-05]
[5.601752999651044e-05, 2.672050613772292e-05]
[-2.4309846072795294e-05, -2.4952966749092198e-05]
[-1.4671754476891508e-05, 1.3665839651899603e-05]
[4.107615394444153e-05, -2.339510907922726e-05]
[5.119346608803421e-05, 2.588397986769131e-05]
[-2.180195389819839e-05, -2.1070284123902994e-05]
[-1.2822923851185664e-05, 1.0764388083783771e-05]
[3.787454968895432e-05, -2.2831132654305142e-05]
[4.6852131020597154e-05, 2.5051447042456765e-05]
[-1.9538855518752563e-05, -1.773647900038533e-05]
[-1.1151866894598683e-05, 8.303037050849671e-06]
[3.495055717450679e-05, -2.225046803369657e-05]
[4.2933523042049115e-05, 2.4227584003000402e-05]
[-1.749132281592125e-05, -1.4867703264753729e-05]
[-9.638463221106619e-06, 6.213269622967754e-06]
[3.227449813425487e-05, -2.1659475574808962e-05]
[3.9386687887138505e-05, 2.3415841463148013e-05]
[-1.563440398175131e-05, -1.2394627735612396e-05]
[-8.26537795961535e-06, 4.438478296675541e-06]
[2.9820567924665475e-05, -2.1063168892165862e-05]
[3.6168130979702395e-05, 2.26187321920035e-05]
[-1.3946691948096834e-05, -1.0259614613983281e-05]
[-7.017610485604564e-06, 2.9316504444598657e-06]
[2.7566245461740913e-05, -2.0465500664063052e-05]
[3.324054481834704e-05, 2.1838049452327368e-05]
[-1.240973464927686e-05, -8.414499674036513e-06]
[-5.882125979961295e-06, 1.6535505064640965e-06]
[2.5491805110577914e-05, -1.98695840311347e-05]
[3.0571782495603106e-05, 2.1075034047912666e-05]
[-1.1007556825093356e-05, -6.81884070541372e-06]
[-4.847553181308584e-06, 5.712823801795608e-07]
[2.357991054480202e-05, -1.927786545971588e-05]
[2.8134024029180527e-05, 2.033050232230771e-05]
[-9.726269499382711e-06, -5.438524698475611e-06]
[-3.903934702620404e-06, -3.428544755323948e-07]
[2.181527548739126e-05, -1.8692260286917728e-05]
[2.5903095429907763e-05, 1.960494478681074e-05]
[-8.55374969546685e-06, -4.2446537552587316e-06]
[-3.042520185125852e-06, -1.1122811061081705e-06]
[2.0184379336929403e-05, -1.8114259346307948e-05]
[2.3857909618757445e-05, 1.889860257786591e-05]
[-7.4793759580749075e-06, -3.212648388761785e-06]
[-2.255593748778928e-06, -1.7568765807718378e-06]
[1.8675227392073168e-05, -1.754501354425675e-05]
[2.198000452102722e-05, 1.8211526594091865e-05]
[-6.493809134089368e-06, -2.3215220017469562e-06]
[-1.5363296823611705e-06, -2.293575217721111e-06]
[1.7277148052108338e-05, -1.69854011179138e-05]
[2.025315967338348e-05, 1.7543623458182722e-05]
[-5.588809244616577e-06, -1.5532903292481137e-06]
[-8.786706946484202e-07, -2.736852256490785e-06]
[1.5980621019817676e-05, -1.643608101387084e-05]
[1.866307685685631e-05, 1.689469160814916e-05]
[-4.757082690209913e-06, -8.92489023796017e-07]
[-2.772256665339867e-07, -3.0991214428344183e-06]
[1.477713037556505e-05, -1.5897536078113284e-05]
[1.719711198894247e-05, 1.626444901503543e-05]
[-3.992153293247425e-06, -3.2577698827473967e-07]
[2.7281747749796637e-07, -3.391061293239739e-06]
[1.3659039398206119e-05, -1.5370107410983547e-05]
[1.5844049974178542e-05, 1.565255514079933e-05]
[-3.2882533673034287e-06, 1.5839099609671337e-07]
[7.757659219453927e-07, -3.6218842901503123e-06]
[1.2619483193643255e-05, -1.4854022034826997e-05]
[1.4593914491350946e-05, 1.5058628082487147e-05]
[-2.640231740930199e-06, 5.700352905813055e-07]
[1.2354848935025586e-06, -3.799560246292577e-06]
[1.1652275856088856e-05, -1.4349415589864911e-05]
[1.3437806223010051e-05, 1.4482257583936509e-05]
[-2.0434750718223427e-06, 9.178772713558381e-07]
[1.6554519889355745e-06, -3.931001808538115e-06]
[1.075183098009358e-05, -1.3856350194019207e-05]
[1.2367765772430817e-05, 1.3923015649952575e-05]
[-1.493840622340814e-06, 1.2095280648161122e-06]
[2.0388038921570484e-06, -4.0222193579547705e-06]
[9.91309221209935e-06, -1.3374829420542689e-05]
[1.1376655913192257e-05, 1.3380464285339677e-05]
[-9.875990410190827e-07, 1.451646503281001e-06]
[2.3883762547693976e-06, -4.078451165429042e-06]
[9.13147337311404e-06, -1.2904810141767253e-05]
[1.0458061046048073e-05, 1.2854161766107097e-05]
[-5.213845378493343e-07, 1.6500725685819617e-06]
[2.706738810531739e-06, -4.104272367744244e-06]
[8.402806328078327e-06, -1.2446212150019065e-05]
[9.60620072043561e-06, 1.234366745095361e-05]
[-9.215248879257398e-08, 1.8099396235649046e-06]
[2.9962252465765005e-06, -4.103687401252332e-06]
[7.723295092354476e-06, -1.1998926301437507e-05]
[8.81585462227108e-06, 1.1848545114045983e-05]
[3.028576475438971e-07, 1.9357698280986213e-06]
[3.2589595843068864e-06, -4.0802079386975665e-06]
[7.089476252275517e-06, -1.1562820687260889e-05]
[8.082298234540763e-06, 1.1368365877229003e-05]
[6.661545196712249e-07, 2.0315552551330995e-06]
[3.4968791962075585e-06, -4.03691906472603e-06]
[6.498183677150493e-06, -1.1137746101119728e-05]
[7.401246426716468e-06, 1.0902709930649124e-05]
[1.0000225632439408e-06, 2.1008267832023364e-06]
[3.711754596902317e-06, -3.976535903629785e-06]
[5.946517865562662e-06, -1.0723540198709358e-05]
[6.76880472938457e-06, 1.0451168024117052e-05]
[1.3065464903316837e-06, 2.146713274586709e-06]
[3.905207128118704e-06, -3.901451717136517e-06]
[5.43181893286615e-06, -1.0320030869648278e-05]
[6.181426815354829e-06, 1.0013342501280498e-05]
[1.5876327212061003e-06, 2.17199232988019e-06]
[4.078724504807951e-06, -3.813779087508129e-06]
[4.951642429418257e-06, -9.927039228529999e-06]
[5.63587697516299e-06, 9.588847714625537e-06]
[1.8450278233550499e-06, 2.1791336394239025e-06]
[4.233674147757771e-06, -3.715385565650209e-06]
[4.503738258554435e-06, -9.544381790960177e-06]
[5.1291975239065035e-06, 9.177310445807052e-06]
[2.080335252813148e-06, 2.1703367815706365e-06]
[4.371315482865068e-06, -3.6079239318503875e-06]
[4.086031980321536e-06, -9.171872217050847e-06]
[4.658680148483807e-06, 8.778370106932165e-06]
[2.295029590079767e-06, 2.1475634745804495e-06]
[4.492810303680095e-06, -3.4928587187565974e-06]
[3.696607890235626e-06, -8.80932295632686e-06]
[4.2218403533272886e-06, 8.39167851696132e-06]
[2.490469449945021e-06, 2.1125657891918337e-06]
[4.599232293900357e-06, -3.371488879785889e-06]
[3.3336942573125583e-06, -8.456546327528791e-06]
[3.816395193478872e-06, 8.01689982188325e-06]
[2.667908912443173e-06, 2.0669106504667134e-06]
[4.691575489823574e-06, -3.2449674335355283e-06]
[2.9956501587102835e-06, -8.113355365768626e-06]
[3.4402435741265336e-06, 7.653710308308526e-06]
[2.8285073619960244e-06, 2.012000923007351e-06]
[4.7707615110081925e-06, -3.11431876627577e-06]
[2.680953390066243e-06, -7.779564740961753e-06]
[3.0914484508703932e-06, 7.3017978785561155e-06]
[2.9733385215752195e-06, 1.9490940341149177e-06]
[4.837646298050391e-06, -2.9804534619204404e-06]
[2.3881901264344307e-06, -7.454991100941388e-06]
[2.7682214978064223e-06, 6.960861885341174e-06]
[3.103398498655041e-06, 1.8793182550991272e-06]
[4.893026132046785e-06, -2.844181233772891e-06]
[2.1160451795232404e-06, -7.139453686744179e-06]
[2.468908984032403e-06, 6.630612525482249e-06]
[3.2196126457523233e-06, 1.8036867052706462e-06]
[4.9376427019298674e-06, -2.706222479359477e-06]
[1.863293558335144e-06, -6.8327745658680605e-06]
[2.191979487864426e-06, 6.310770484185824e-06]
[3.322842155595307e-06, 1.723110016060847e-06]
[4.972188111795894e-06, -2.5672180254746046e-06]
[1.628792882235608e-06, -6.5347787820413394e-06]
[1.9360129220047373e-06, 6.001066559679913e-06]
[3.413889506559409e-06, 1.6384070975622445e-06]
[4.997308916010468e-06, -2.427738043223049e-06]
[1.4114762420525118e-06, -6.245294685292002e-06]
[1.6996904067256846e-06, 5.701241030164894e-06]
[3.4935036444111445e-06, 1.5503148626111463e-06]
[5.013610045845329e-06, -2.2882896425074906e-06]
[1.210346209312707e-06, -5.964153820925411e-06]
[1.4817856396343032e-06, 5.411043403347193e-06]
[3.5623846373344925e-06, 1.459496810005123e-06]
[5.021658345760738e-06, -2.1493235555884727e-06]
[1.0244689828131648e-06, -5.691191148238239e-06]
[1.281156704557862e-06, 5.130231793382123e-06]
[3.621187597793729e-06, 1.3665504001586504e-06]
[5.021985497427606e-06, -2.0112402413959007e-06]
[8.52969383347002e-07, -5.426244968631533e-06]
[1.0967389945937267e-06, 4.858572561161623e-06]
[3.67052647468058e-06, 1.2720137924915331e-06]
[5.015090917104281e-06, -1.874395072001822e-06]
[6.950263205518503e-07, -5.16915682929886e-06]
[9.275388391516426e-07, 4.595839957821646e-06]
[3.71097747396687e-06, 1.1763718247154165e-06]
[5.00144437737271e-06, -1.7391029172655892e-06]
[5.498684281790567e-07, -4.9197716155968685e-06]
[7.726274987573944e-07, 4.3418155727392715e-06]
[3.743081868276543e-06, 1.0800610973638047e-06]
[4.981488096994502e-06, -1.6056424335664232e-06]
[4.167703487878427e-07, -4.677937408659183e-06]
[6.311359934951799e-07, 4.096288008570426e-06]
[3.7673489528544657e-06, 9.83474832280673e-07]
[4.955639051174021e-06, -1.4742595369904299e-06]
[2.950493578346425e-07, -4.4435053343505615e-06]
[5.022504229179603e-07, 3.859052569943344e-06]
[3.784258312884703e-06, 8.869668736977143e-07]
[4.924290658764319e-06, -1.3451708172178278e-06]
[1.8406204549403782e-07, -4.216329605788438e-06]
[3.8520748429915486e-07, 3.629910764246791e-06]
[3.794262148928973e-06, 7.908554748164986e-07]
[4.887814581688854e-06, -1.2185663621662457e-06]
[8.320153338514658e-08, -3.99626735203551e-06]
[2.792906458881639e-07, 3.4086700247404345e-06]
[3.797787389299423e-06, 6.95426684221151e-07]
[4.846562365531937e-06, -1.094612272972001e-06]
[-8.105065119057286e-09, -3.7831784456821005e-06]
[1.8382667543725972e-07, 3.1951434466548356e-06]
[3.795237373732663e-06, 6.009371869633573e-07]
[4.800866693105421e-06, -9.734530997760477e-07]
[-9.039922460596372e-08, -3.576925546755483e-06]
[9.818221941015892e-08, 2.9891493227851562e-06]
[3.7869936169165896e-06, 5.076170378898182e-07]
[4.751042763359581e-06, -8.552138323798808e-07]
[-1.6419298132230864e-07, -3.377373817226026e-06]
[2.176107655182946e-08, 2.7905110208115147e-06]
[3.7734174189868464e-06, 4.1567211716067587e-07]
[4.697389547600461e-06, -7.400016805662185e-07]
[-2.299711207576216e-07, -3.184390960586647e-06]
[-4.599866892940341e-08, 2.599056554086765e-06]
[3.754851104278978e-06, 3.2528615442374564e-07]
[4.640190711613368e-06, -6.279078530735394e-07]
[-2.8819290631698635e-07, -2.9978470261204926e-06]
[-1.0562698676830351e-07, 2.414618403501212e-06]
[3.7316194031328243e-06, 2.3662275110310216e-07]
[4.5797157058463656e-06, -5.190089545914489e-07]
[-3.392938385804456e-07, -2.8176143629377037e-06]
[-1.5762421323728404e-07, 2.23703320784141e-06]
[3.7040305417290753e-06, 1.498270648910352e-07]
[4.516220592734599e-06, -4.1336837976017893e-07]
[-3.836869991724612e-07, -2.6435673524116687e-06]
[-2.0246289350600577e-07, 2.0661416914036224e-06]
[3.672377509394975e-06, 6.502754754111884e-08]
[4.4499490731292335e-06, -3.110373509307429e-07]
[-4.2176477332844797e-07, -2.4755825506761475e-06]
[-2.405899547364143e-07, 1.9017882009753073e-06]
[3.6369387357571004e-06, -1.76628729905981e-08]
[4.3811329445073155e-06, -2.120562414761884e-07]
[-4.538999539005495e-07, -2.3135384274453052e-06]
[-2.7242821920570037e-07, 1.7438206627584663e-06]
[3.5979791885021317e-06, -9.814534042244805e-08]
[4.309992998371981e-06, -1.1645538875587613e-07]
[-4.804469940222766e-07, -2.1573153127785183e-06]
[-2.983780292287186e-07, 1.5920903478905402e-06]
[3.5557511451761448e-06, -1.7633394155600057e-07]
[4.236739609954354e-06, -2.4256016275397974e-08]
[-5.017431169151987e-07, -2.0067953075963985e-06]
[-3.1881869133609797e-07, 1.446451691533568e-06]
[3.510494903116723e-06, -2.521546833660071e-07]
[4.1615732803076955e-06, 6.452893107355973e-08]
[-5.18109383784715e-07, -1.8618622362742698e-06]
[-3.3410985200710286e-07, 1.3067620862061702e-06]
[3.4624396625937415e-06, -3.255443761646104e-07]
[4.084685366355367e-06, 1.498942159700034e-07]
[-5.298514515472696e-07, -1.722401413994934e-06]
[-3.445925327305588e-07, 1.1728818745671e-06]
[3.411803883579534e-06, -3.96449985194669e-07]
[4.006258297897802e-06, 2.3184142430160426e-07]
[-5.372607263243179e-07, -1.588299799515358e-06]
[-3.5059053804520346e-07, 1.044673974937016e-06]
[3.3587960653336246e-06, -4.6482767733849184e-07]
[3.926466227731351e-06, 3.1037852168958047e-07]
[-5.406149825859519e-07, -1.4594457700134456e-06]
[-3.524113056374567e-07, 9.220038957868937e-07]
[3.3036152425058862e-06, -5.306421301323749e-07]
[3.845475410158006e-06, 3.855192729287915e-07]
[-5.401791574044523e-07, -1.3357290932214383e-06]
[-3.503469120924585e-07, 8.047395696486603e-07]
[3.246451443117415e-06, -5.938659003133784e-07]
[3.7634445503587077e-06, 4.57282711391338e-07]
[-5.362060866709317e-07, -1.2170409002809635e-06]
[-3.446750019842071e-07, 6.927511990162394e-07]
[3.1874863307135293e-06, -6.544786696274785e-07]
[3.6805253465499455e-06, 5.25692831751523e-07]
[-5.289369699457147e-07, -1.103273484348577e-06]
[-3.356594301395788e-07, 5.859112892081519e-07]
[3.1268933659012177e-06, -7.124669023327035e-07]
[3.5968625598861714e-06, 5.907779606906249e-07]
[-5.18602233184895e-07, -9.943204618556578e-07]
[-3.2355128543049005e-07, 4.840943310657764e-07]
[3.0648383829712245e-06, -7.678231869895358e-07]
[3.51259450636493e-06, 6.52570523965168e-07]
[-5.054219037459173e-07, -8.900765795516463e-07]
[-3.0858941513223215e-07, 3.871768508023621e-07]
[3.0014799131117265e-06, -8.205458013818556e-07]
[3.427853302491457e-06, 7.11106663636718e-07]
[-4.896061703979493e-07, -7.904377042344812e-07]
[-2.910011200341067e-07, 2.950372862131623e-07]
[2.9369695269121365e-06, -8.706382784093303e-07]
[3.342765135527781e-06, 7.664259196044076e-07]
[-4.713559040303572e-07, -6.953008150900608e-07]
[-2.7100280147740463e-07, 2.075558737102412e-07]
[2.8714521093931022e-06, -9.181090400711689e-07]
[3.2574504727211906e-06, 8.185709033797783e-07]
[-4.5086293620766327e-07, -6.045638301088729e-07]
[-2.4880035448537896e-07, 1.246147093847405e-07]
[2.8050663233303297e-06, -9.62970892817716e-07]
[3.1720244629551697e-06, 8.675871633473387e-07]
[-4.2831072791238434e-07, -5.181257754505175e-07]
[-2.2458994253238274e-07, 4.609747744632742e-08]
[2.7379446315423106e-06, -1.0052408899730025e-06]
[3.0865969038867958e-06, 9.135227325290929e-07]
[-4.038745894524576e-07, -4.358866185771859e-07]
[-1.9855831567827664e-07, -2.8110474337150748e-08]
[2.6702137219392075e-06, -1.0449398801237741e-06]
[3.001272613094297e-06, 9.56428033882517e-07]
[-3.7772208530406637e-07, -3.57747274914999e-07]
[-1.708833051727865e-07, -9.812222631633283e-08]
[2.6019947038657953e-06, -1.082092248125277e-06]
[2.9161515774714375e-06, 9.963556333730805e-07]
[-3.5001341391893703e-07, -2.836096148484124e-07]
[-1.4173428586339298e-07, -1.6404937006053721e-07]
[2.533403291538061e-06, -1.1167256757302346e-06]
[2.831329091665391e-06, 1.033360009686235e-06]
[-3.2090156500130806e-07, -2.1337631411766367e-07]
[-1.1127241206221328e-07, -2.2600192539634634e-07]
[2.4645501719433582e-06, -1.148870759679066e-06]
[2.7468960850929314e-06, 1.0674974991187192e-06]
[-2.905328579244637e-07, -1.4695102951156613e-07]
[-7.965122589270734e-08, -2.8408857674633303e-07]
[2.3955409609310863e-06, -1.1785609704551003e-06]
[2.662939039534129e-06, 1.0988259309119286e-06]
[-2.590470601776529e-07, -8.42382528731811e-08]
[-4.701684203078926e-08, -3.3841658136912756e-07]
[2.3264765461883385e-06, -1.205832303195764e-06]
[2.5795402970735237e-06, 1.1274045967346602e-06]
[-2.2657768999900796e-07, -2.514333041769845e-08]
[-1.3508312024512747e-08, -3.890918354454431e-07]
[2.257453219439709e-06, -1.2307231048863665e-06]
[2.4967781596177407e-06, 1.1532940691061366e-06]
[-1.9325226263688933e-07, 3.042754709303708e-08]
[2.0742073780777304e-08, -4.362189036655195e-07]
[2.1885627998208257e-06, -1.2532739135789894e-06]
[2.4147269819183026e-06, 1.1765560310739165e-06]
[-1.5919256015489713e-07, 8.256732320077731e-08]
[5.5608462390388524e-08, -4.799010768496981e-07]
[2.1198929387455934e-06, -1.2735271555375238e-06]
[2.3334574485167625e-06, 1.1972532683590664e-06]
[-1.2451469869750875e-07, 1.3136820309345154e-07]
[9.097132297464228e-08, -5.202402724169275e-07]
[2.0515270344190206e-06, -1.2915271615301926e-06]
[2.253036462319946e-06, 1.215449361519072e-06]
[-8.932956218482557e-08, 1.7692147491477073e-07]
[1.267169666974155e-07, -5.573372388045783e-07]
[1.983544520189895e-06, -1.307319885075764e-06]
[2.1735274091383427e-06, 1.2312086936083766e-06]
[-5.3742844639825815e-08, 2.1931763422022854e-07]
[1.6273746211714624e-07, -5.912914493588772e-07]
[1.91602095483967e-06, -1.3209527841007151e-06]
[2.0949902253056263e-06, 1.2445963107066138e-06]
[-1.785527289910327e-08, 2.586463534459682e-07]
[1.9893037317419981e-07, -6.222011485479406e-07]
[1.849028144179643e-06, -1.332474680607043e-06]
[2.017481498549356e-06, 1.2556778186401107e-06]
[1.823718314558631e-08, 2.949964515996939e-07]
[2.3519851166664552e-07, -6.501633922628702e-07]
[1.7826342196824996e-06, -1.341935657324378e-06]
[1.941054528470376e-06, 1.2645192570548414e-06]
[5.4443290403716205e-08, 3.2845600822506427e-07]
[2.7144988229421685e-07, -6.752739419024767e-07]
[1.7169038931119651e-06, -1.3493868155772804e-06]
[1.8657595622362244e-06, 1.2711871236747996e-06]
[9.067617764979552e-08, 3.5911218304596204e-07]
[3.075972754840173e-07, -6.976274469355781e-07]
[1.6518983438906787e-06, -1.3548803324547887e-06]
[1.7916436661422064e-06, 1.2757481123726322e-06]
[1.2685333197065551e-07, 3.8705132776595264e-07]
[3.4355823397280716e-07, -7.173173338370642e-07]
[1.5876754632104806e-06, -1.358469231223236e-06]
[1.7187509548516333e-06, 1.2782691470036855e-06]
[1.6289642065098198e-07, 4.123589499305247e-07]
[3.792548456393874e-07, -7.344358389643757e-07]
[1.5242899134015886e-06, -1.3602073042420781e-06]
[1.6471226357769875e-06, 1.2788172736866166e-06]
[1.98731155413856e-07, 4.35119704100817e-07]
[4.146135818006158e-07, -7.490740113469396e-07]
[1.4617931843319276e-06, -1.3601490397585625e-06]
[1.5767970532182263e-06, 1.2774595581910297e-06]
[2.3428712941919727e-07, 4.554173555770813e-07]
[4.495651087510488e-07, -7.613217405944006e-07]
[1.4002338190044483e-06, -1.358349414420923e-06]
[1.5078099014978474e-06, 1.2742631260720394e-06]
[2.694978311415519e-07, 4.733348807350879e-07]
[4.84044278437068e-07, -7.712676455828849e-07]
[1.339657289822771e-06, -1.3548639690302844e-06]
[1.4401940902630805e-06, 1.2692949270531884e-06]
[3.0430031956740766e-07, 4.889542898067756e-07]
[5.179897815676959e-07, -7.789992393508749e-07]
[1.2801062183598333e-06, -1.349748610102175e-06]
[1.3739799533674102e-06, 1.2626217821554153e-06]
[3.3863524902949527e-07, 5.023567256345896e-07]
[5.513441515558881e-07, -7.846028142605155e-07]
[1.2216204182680102e-06, -1.3430595544178248e-06]
[1.3091952829266673e-06, 1.2543102939077677e-06]
[3.724467259047515e-07, 5.13622424064275e-07]
[5.840536018708598e-07, -7.881634660200643e-07]
[1.1642369378006556e-06, -1.3348532765938836e-06]
[1.2458653623967364e-06, 1.2444267601385839e-06]
[4.0568217091196956e-07, 5.228306737270483e-07]
[6.160678700517508e-07, -7.897651152014018e-07]
[1.1079902650923401e-06, -1.3251863265617558e-06]
[1.184013163860187e-06, 1.2330372246849297e-06]
[4.382923510098946e-07, 5.300599095758862e-07]
[6.473402316409249e-07, -7.894903946634169e-07]
[1.052912199539513e-06, -1.314115417927475e-06]
[1.1236592117741528e-06, 1.220207261676265e-06]
[4.7023108325910945e-07, 5.353875378311113e-07]
[6.778271884055886e-07, -7.874208031721786e-07]
[9.99032053861093e-07, -1.301697251598899e-06]
[1.064821777821412e-06, 1.2060020320170395e-06]
[5.01455274304341e-07, 5.388900291558585e-07]
[7.074884916802304e-07, -7.836365912006205e-07]
[9.463766872386259e-07, -1.2879884765393257e-06]
[1.0075169077569668e-06, 1.1904862057821042e-06]
[5.319247960919316e-07, 5.406428767451565e-07]
[7.362870040883429e-07, -7.782167798162098e-07]
[8.949705702643307e-07, -1.2730456263737588e-06]
[9.517584801527201e-07, 1.173723915559588e-06]
[5.616023667220915e-07, 5.407205559693207e-07]
[7.64188566121371e-07, -7.712391781322658e-07]
[8.448358170820569e-07, -1.2569250844585156e-06]
[8.975582334105892e-07, 1.1557786842031348e-06]
[5.904535924430854e-07, 5.391966118595271e-07]
[7.91162025032266e-07, -7.627802721330013e-07]
[7.959923740141761e-07, -1.239682923565022e-06]
[8.449259483039873e-07, 1.1367134847284355e-06]
[6.18446693988195e-07, 5.361434891326677e-07]
[8.171789490918346e-07, -7.529153698213054e-07]
[7.484578896654881e-07, -1.2213750039680171e-06]
[7.938693146122833e-07, 1.116590543581708e-06]
[6.45552554093265e-07, 5.316326204818367e-07]
[8.422136629770982e-07, -7.417184892458129e-07]
[7.022479021068229e-07, -1.2020568177506519e-06]
[7.443941125659381e-07, 1.0954714036170987e-06]
[6.717446071335953e-07, 5.257343852760332e-07]
[8.662431267847381e-07, -7.292623749322047e-07]
[6.573758647987482e-07, -1.1817834633942592e-06]
[6.965042357379159e-07, 1.0734168601755911e-06]
[6.969987327992699e-07, 5.185180692590663e-07]
[8.892468185695002e-07, -7.156185133291859e-07]
[6.138531740140785e-07, -1.1606096215199813e-06]
[6.502017141363226e-07, 1.0504868997451844e-06]
[7.212933040845471e-07, 5.100519490930377e-07]
[9.112067727856665e-07, -7.008570243952073e-07]
[5.716893469731588e-07, -1.138589409643842e-06]
[6.054868889882048e-07, 1.0267407633546277e-06]
[7.446089307430737e-07, 5.004031279343124e-07]
[9.321073139445524e-07, -6.850468009869659e-07]
[5.308918939184171e-07, -1.1157764857883112e-06]
[5.623582819760942e-07, 1.0022367644690888e-06]
[7.669285113434676e-07, 4.896376206431352e-07]
[9.519350999687148e-07, -6.682554004877606e-07]
[4.914664959720927e-07, -1.0922239062349792e-06]
[5.208127692377107e-07, 9.770323567970252e-07]
[7.882371330023008e-07, 4.778203141209136e-07]
[9.706790130847853e-07, -6.505490603714303e-07]
[4.534170276737637e-07, -1.0679841097871456e-06]
[4.808456023075447e-07, 9.511840783349435e-07]
[8.085220036396779e-07, 4.650149532242631e-07]
[9.883300841617704e-07, -6.319926896397599e-07]
[4.167455817383203e-07, -1.0431089024764972e-06]
[4.4245042907231635e-07, 9.247474986318061e-07]
[8.277723557367778e-07, 4.5128410335049107e-07]
[1.0048813885166208e-06, -6.126498836578342e-07]
[3.8145263858702094e-07, -1.017649324586145e-06]
[4.056194620391529e-07, 8.977772866236577e-07]
[8.459794983498026e-07, 4.3668923190021136e-07]
[1.0203280909337753e-06, -5.925828213612649e-07]
[3.475369423078245e-07, -9.916557583700136e-07]
[3.7034335154811915e-07, 8.703270410470587e-07]
[8.631365766287313e-07, 4.2129055269346516e-07]
[1.0346671979744038e-06, -5.718523995168479e-07]
[3.149956702974688e-07, -9.651777985175691e-07]
[3.366113529718051e-07, 8.42449361437847e-07]
[8.792386264125374e-07, 4.0514710859806957e-07]
[1.0478976060213085e-06, -5.505181302142836e-07]
[2.8382445405039647e-07, -9.382642438271471e-07]
[3.044113467548515e-07, 8.141958003360372e-07]
[8.942824824345608e-07, 3.883167360302364e-07]
[1.060020003412765e-06, -5.286381577207511e-07]
[2.5401743058983683e-07, -9.109630663417523e-07]
[2.737298868266125e-07, 7.856168415254494e-07]
[9.082666892964997e-07, 3.708560302739805e-07]
[1.07103677515763e-06, -5.062692743050545e-07]
[2.2556726381184333e-07, -8.833214049097649e-07]
[2.4455222090435935e-07, 7.567618564574552e-07]
[9.21191554065226e-07, 3.5282042628453913e-07]
[1.0809520501614545e-06, -4.834668231000483e-07]
[1.9846530699418885e-07, -8.553854465576105e-07]
[2.1686245167684692e-07, 7.276791753052514e-07]
[9.330589173447978e-07, 3.3426405085523747e-07]
[1.0897714666086022e-06, -4.6028482982019003e-07]
[1.7270148280901232e-07, -8.272005372900182e-07]
[1.906434144993696e-07, 6.984159323653039e-07]
[9.438722080729045e-07, 3.1523980480868685e-07]
[1.0975022222137198e-06, -4.367759057523346e-07]
[1.4826444527660243e-07, -7.988110660439585e-07]
[1.6587683854263346e-07, 6.690181404422901e-07]
[9.5363635755491e-07, 2.9579933082807264e-07]
[1.1041529829058927e-06, -4.129912666347296e-07]
[1.2514159933307845e-07, -7.702604641612876e-07]
[1.4254336533348066e-07, 6.395306519912936e-07]
[9.6235774264819e-07, 2.7599300531089277e-07]
[1.1097338218357677e-06, -3.889807286376612e-07]
[1.033191223409613e-07, -7.415912058883478e-07]
[1.2062256796174786e-07, 6.099971228967771e-07]
[9.70044102516221e-07, 2.558699085039584e-07]
[1.1142561316679345e-06, -3.6479272727714396e-07]
[8.278212049184219e-08, -7.128446997961557e-07]
[1.0009310737191246e-07, 5.804600871905929e-07]
[9.76704592134392e-07, 2.354779056953915e-07]
[1.1177326740691162e-06, -3.404742270080724e-07]
[6.351451181663137e-08, -6.840614023284619e-07]
[8.093261363861792e-08, 5.509608126397225e-07]
[9.823495640340352e-07, 2.1486350876287474e-07]
[1.1201773575941765e-06, -3.160708514551164e-07]
[4.549918350416071e-08, -6.552807114978965e-07]
[6.311784200851989e-08, 5.215393786561773e-07]
[9.869906237094939e-07, 1.940719588158779e-07]
[1.1216052893808781e-06, -2.91626794050176e-07]
[2.8718009886796736e-08, -6.265409731309735e-07]
[4.662469023364313e-08, 4.922346439339975e-07]
[9.90640548946542e-07, 1.7314719961275538e-07]
[1.122032691286412e-06, -2.6718483994714326e-07]
[1.3151873062833275e-08, -5.978794870020732e-07]
[3.14282178892622e-08, 4.630842171671201e-07]
[9.933132109375686e-07, 1.5213185221296666e-07]
[1.1214768176337486e-06, -2.4278638736247027e-07]
[-1.219186113177173e-09, -5.69332407884815e-07]
[1.750279622625417e-08, 4.34124535042546e-07]
[9.950236275098334e-07, 1.310672968872495e-07]
[1.1199560056157631e-06, -2.184713637481267e-07]
[-1.4416081328683106e-08, -5.409348615981191e-07]
[4.8219940401716954e-09, 4.0539072759804284e-07]
[9.957877540114901e-07, 1.0999354298213415e-07]
[1.1174894630344712e-06, -1.942783554066685e-07]
[-2.6460529517491338e-08, -5.12720848111492e-07]
[-6.64127244864865e-09, 3.7691669929618143e-07]
[9.956225380178263e-07, 8.894931270361783e-08]
[1.114097320724372e-06, -1.702445247908982e-07]
[-3.737503334599879e-08, -4.847232532578793e-07]
[-1.691472245601844e-08, 3.487351034059394e-07]
[9.945458428715914e-07, 6.797201897515426e-08]
[1.1098005536433475e-06, -1.4640563519331684e-07]
[-4.718283649896016e-08, -4.5697384024045995e-07]
[-2.6026667654388547e-08, 3.208773392826547e-07]
[9.92576398618078e-07, 4.7097765514848844e-08]
[1.1046209290738185e-06, -1.2279605496713988e-07]
[-5.590790555509706e-08, -4.295032627610329e-07]
[-3.400599479785882e-08, 2.9337353041336556e-07]
[9.897337529055084e-07, 2.6361347729708662e-08]
[1.09858095615617e-06, -9.944876249758094e-08]
[-6.357478496421543e-08, -4.02340976507487e-07]
[-4.0882021573596106e-08, 2.6625260587942456e-07]
[9.86038223405039e-07, 5.796254451233274e-09]
[1.0917038354846254e-06, -7.639535188870908e-08]
[-7.020870679275149e-08, -3.7551535783664214e-07]
[-4.6684607790670185e-08, 2.395421773715434e-07]
[9.815107998023542e-07, -1.4565369928828259e-08]
[1.0840133603355617e-06, -5.3666079934122646e-08]
[-7.583544639477857e-08, -3.490536175654313e-07]
[-5.144401174494995e-08, 2.1326862328918672e-07]
[9.761732979729487e-07, -3.4692560144100604e-08]
[1.0755340682545855e-06, -3.1289711509285834e-08]
[-8.048130586968405e-08, -3.2298181876222465e-07]
[-5.519087512007026e-08, 1.8745707081047058e-07]
[9.700480123678301e-07, -5.455576916960081e-08]
[1.0662908925887504e-06, -9.293770907373156e-09]
[-8.417307256758377e-08, -2.973248753590507e-07]
[-5.795618235326927e-08, 1.6213139938936472e-07]
[9.631578718610756e-07, -7.412670066306304e-08]
[1.0563093167798021e-06, 1.2295611693732833e-08]
[-8.693797814984805e-08, -2.721065517075072e-07]
[-5.97712211392043e-08, 1.3731424550189608e-07]
[9.555263444926965e-07, -9.337834384545718e-08]
[1.045615277944778e-06, 3.345364985203603e-08]
[-8.880365802432788e-08, -2.4734946330040586e-07]
[-6.066754268396757e-08, 1.1302700833604185e-07]
[9.471773934066618e-07, -1.122849667897774e-07]
[1.0342351216587053e-06, 5.4156890437473404e-08]
[-8.979815979692773e-08, -2.230751175447132e-07]
[-6.067697161382668e-08, 8.928981723443918e-08]
[9.38135433406484e-07, -1.3082210886111723e-07]
[1.022195557764255e-06, 7.438320248631669e-08]
[-8.994970990272577e-08, -1.9930375996790595e-07]
[-5.98313736888123e-08, 6.61216960351485e-08]
[9.284252880936705e-07, -1.489665724940803e-07]
[1.0095236167607935e-06, 9.411176513443587e-08]
[-8.928696593191177e-08, -1.7605461338776607e-07]
[-5.8162909682968333e-08, 4.3540336336356233e-08]
[9.180721481094611e-07, -1.6669641404731816e-07]
[9.962466070503884e-07, 1.1332305491565386e-07]
[-8.783878410745238e-08, -1.533457256730486e-07]
[-5.5703803902851234e-08, 2.1562263891050648e-08]
[9.071015295292195e-07, -1.8399093386876897e-07]
[9.823920731205638e-07, 1.3199883231590492e-07]
[-8.563422992935443e-08, -1.3119401501282546e-07]
[-5.2486356094672004e-08, 2.0280990775667362e-10]
[8.955392333392931e-07, -2.0083066563404695e-07]
[9.679877546117654e-07, 1.501221275207465e-07]
[-8.270254127362708e-08, -1.0961527660557913e-07]
[-4.85429061114484e-08, -2.0523877958256165e-08]
[8.834112587008391e-07, -2.1719740282526157e-07]
[9.530614989636255e-07, 1.6767718762772388e-07]
[-7.907309182431099e-08, -8.862419056954174e-08]
[-4.390579888546853e-08, -4.060482314272029e-08]
[8.70743951733588e-07, -2.330740345515836e-07]
[9.376414102993391e-07, 1.846496128082853e-07]
[-7.477535506061894e-08, -6.823433063019024e-08]
[-3.860734951177669e-08, -6.002820746031645e-08]
[8.575636847307777e-07, -2.4844476078332567e-07]
[9.217555285781498e-07, 2.0102611186789687e-07]
[-6.983886921552163e-08, -4.845817369591998e-08]
[-3.26798100247494e-08, -7.878335728239705e-08]
[8.438970070662188e-07, -2.632949262955375e-07]
[9.05431980249144e-07, 2.1679463751977934e-07]
[-6.429320276168937e-08, -2.9307110543941306e-08]
[-2.615533606364906e-08, -9.68607286877532e-08]
[8.297705612475559e-07, -2.776110444163704e-07]
[8.886988947451324e-07, 2.319443306170177e-07]
[-5.816796598556717e-08, -1.07914941704923e-08]
[-1.906600050061158e-08, -1.142519294450306e-07]
[8.152110466258522e-07, -2.913807818291647e-07]
[8.715843683171354e-07, 2.464655018200035e-07]
[-5.149259490327962e-08, 7.079496294748466e-09]
[-1.1443578390446518e-08, -1.3094955431114386e-07]
[8.002451844235647e-07, -3.045929427916705e-07]
[8.54116429326035e-07, 2.6034961247978217e-07]
[-4.429659381660622e-08, 2.42976197772915e-08]
[-3.319791636036129e-09, -1.4694739094989195e-07]
[7.848996830539523e-07, -3.1723745259892855e-07]
[8.36323004019951e-07, 2.7358925526466127e-07]
[-3.660931988808125e-08, 4.085570801115601e-08]
[5.273904868374757e-09, -1.6224025378708262e-07]
[7.692012044813179e-07, -3.293053404407331e-07]
[8.182318835502078e-07, 2.8617813384312907e-07]
[-2.845999816369904e-08, 5.6747613885743675e-08]
[1.430630672261124e-08, -1.7682400274554588e-07]
[7.531763315526963e-07, -3.407887216380634e-07]
[7.998706916430287e-07, 2.98111042060234e-07]
[-1.9877691131986452e-08, 7.19681956806717e-08]
[2.3746488414522204e-08, -1.9069552445460936e-07]
[7.368514914063429e-07, -3.516808150388906e-07]
[7.812668089829389e-07, 3.0938380701783785e-07]
[-1.0891269490442834e-08, 8.651330138387259e-08]
[3.356383082575576e-08, -2.0385271257139514e-07]
[7.202531023126069e-07, -3.61975780294177e-07]
[7.624475207509973e-07, 3.199934106162816e-07]
[-1.529383140963514e-09, 1.00379751566404e-07]
[4.3728048404467756e-08, -2.1629444771353867e-07]
[7.034072762590604e-07, -3.716689142806151e-07]
[7.434397198899378e-07, 3.2993775155032434e-07]
[8.17956633675232e-09, 1.1356532203521397e-07]
[5.420921506127385e-08, -2.280205764898513e-07]
[6.863399678036508e-07, -3.8075648654128935e-07]
[7.242700571265248e-07, 3.39215766254064e-07]
[1.8207453336693824e-08, 1.2606872584752793e-07]
[6.497778937131216e-08, -2.390318904477162e-07]
[6.690769008277364e-07, -3.8923575491900397e-07]
[7.049648686544008e-07, 3.478273700036061e-07]
[2.8526454268207324e-08, 1.3788959410399038e-07]
[7.60046391934388e-08, -2.493301037020945e-07]
[6.516435409609223e-07, -3.971049443440844e-07]
[6.855501496344507e-07, 3.55773432547668e-07]
[3.910902989651133e-08, 1.4902842232489277e-07]
[8.72610218249914e-08, -2.5891786613330137e-07]
[6.340650687552962e-07, -4.043632249178808e-07]
[6.660515285590585e-07, 3.630557541822732e-07]
[4.992812286871984e-08, 1.5948668963261525e-07]
[9.871877940104135e-08, -2.6779860012871026e-07]
[6.163663538172326e-07, -4.1101068992688283e-07]
[6.464942424247444e-07, 3.6967704120094425e-07]
[6.095692198573865e-08, 1.6926662901872724e-07]
[1.1035010133442213e-07, -2.7597668746104365e-07]
[5.985719297163516e-07, -4.170483331941699e-07]
[6.269031133307457e-07, 3.756408807203959e-07]
[7.216905864235179e-08, 1.7837134597131765e-07]
[1.221277184659808e-07, -2.834573054055767e-07]
[5.807059699769468e-07, -4.2247802596248607e-07]
[6.073025254106634e-07, 3.80951715381328e-07]
[8.353858527501701e-08, 1.8680476229770981e-07]
[1.3402487969438326e-07, -2.9024643753705615e-07]
[5.627922648465677e-07, -4.2730249336098147e-07]
[5.877164032074e-07, 3.8561481768839556e-07]
[9.503999691753973e-08, 1.9457159394775658e-07]
[1.4601537098868356e-07, -2.963508493741829e-07]
[5.448541571806409e-07, -4.315253247857975e-07]
[5.681681490184165e-07, 3.89636230169188e-07]
[1.0664825143488765e-07, 2.0167732892040213e-07]
[1.5807353392904844e-07, -3.017780632885714e-07]
[5.269146889919085e-07, -4.35150813628965e-07]
[5.486807907878477e-07, 3.930228746201747e-07]
[1.1833878909087159e-07, 2.0812820417104305e-07]
[1.7017428272092516e-07, -3.065363334553428e-07]
[5.089963286408761e-07, -4.3818413680146717e-07]
[5.292767112433094e-07, 3.95782322012983e-07]
[1.3008755132826177e-07, 2.1393118274093403e-07]
[1.8229312104267592e-07, -3.106346203179955e-07]
[4.9112111996652e-07, -4.4063119383763727e-07]
[5.099777981854015e-07, 3.979229015599328e-07]
[1.4187099834500616e-07, 2.1909393008168188e-07]
[1.9440615703358866e-07, -3.1408256483123065e-07]
[4.733106213905547e-07, -4.4249861577000393e-07]
[4.908053856042538e-07, 3.9945363987381466e-07]
[1.5366612625064557e-07, 2.236247905740285e-07]
[2.0649011858719923e-07, -3.16890462460917e-07]
[4.5558588826488666e-07, -4.4379373991682014e-07]
[4.717802375639457e-07, 4.003842336425256e-07]
[1.6545044200996784e-07, 2.2753272987952045e-07]
[2.185223257344937e-07, -3.1906926985236783e-07]
[4.3796745621826894e-07, -4.4452458419080854e-07]
[4.5292253333592547e-07, 4.007250224147274e-07]
[1.7720214208830076e-07, 2.3082744313174253e-07]
[2.3048086716936922e-07, -3.206304465749876e-07]
[4.204753253911342e-07, -4.4469982146688736e-07]
[4.342518533546891e-07, 4.0048696126060435e-07]
[1.8889988131695623e-07, 2.3351913183700113e-07]
[2.4234436676873194e-07, -3.2158612677662957e-07]
[4.0312894541982836e-07, -4.4432875336009037e-07]
[4.1578716614837363e-07, 3.996815930162878e-07]
[2.0052294991829145e-07, 2.3561861117737948e-07]
[2.540921582583344e-07, -3.219489602551695e-07]
[3.8594720158657836e-07, -4.4342128441288153e-07]
[3.975468162997764e-07, 3.983210208058363e-07]
[2.1205124508399953e-07, 2.371372523901627e-07]
[2.657042544318422e-07, -3.217321185508548e-07]
[3.68948361917365e-07, -4.4198792800015374e-07]
[3.795484733344623e-07, 3.9641784818633674e-07]
[2.2346528236530383e-07, 2.3808695689964132e-07]
[2.771613563379294e-07, -3.2094926850217975e-07]
[3.5215022492485204e-07, -4.4003965066902184e-07]
[3.6180928138229707e-07, 3.9398528051126647e-07]
[2.3474620651151024e-07, 2.3848013173954907e-07]
[2.884448615514401e-07, -3.1961454498991015e-07]
[3.3556986836491554e-07, -4.375880401225052e-07]
[3.443456099427866e-07, 3.9103690321895535e-07]
[2.4587580125384756e-07, 2.3832966365711084e-07]
[2.995368717506608e-07, -3.1774252418417803e-07]
[3.1922379900573006e-07, -4.3464514877522564e-07]
[3.271732056907284e-07, 3.875867838620817e-07]
[2.5683649799643216e-07, 2.3764889373056874e-07]
[3.1042019907334684e-07, -3.1534819677422887e-07]
[3.0312790341713303e-07, -4.312235000608622e-07]
[3.1030714511479096e-07, 3.8364941173929523e-07]
[2.676113841880434e-07, 2.3645159206997501e-07]
[3.210783720009047e-07, -3.124469408408159e-07]
[2.872974395884409e-07, -4.2733606181455386e-07]
[2.9376182790474825e-07, 3.792396706669976e-07]
[2.7818417118116723e-07, 2.3475190047417271e-07]
[3.3149560091372265e-07, -3.09054526675262e-07]
[2.7174702893484337e-07, -4.2299621980101954e-07]
[2.77550971521795e-07, 3.7437281141805556e-07]
[2.885393567512995e-07, 2.3256443307251295e-07]
[3.416569382130863e-07, -3.0518696414461033e-07]
[2.5649065002464333e-07, -4.182177513467611e-07]
[2.6168760647662936e-07, 3.6906442438255915e-07]
[2.9866199624528633e-07, 2.2990406164935528e-07]
[3.5154804703396714e-07, -3.008606649507195e-07]
[2.4154163263956363e-07, -4.13014798944511e-07]
[2.461840725651032e-07, 3.6333041233960195e-07]
[3.085378635220293e-07, 2.2678601629966266e-07]
[3.6115536003467064e-07, -2.9609229029031736e-07]
[2.269126527787435e-07, -4.074018441491134e-07]
[2.3105201598858094e-07, 3.571869635898839e-07]
[3.1815341545310405e-07, 2.2322582862721596e-07]
[3.704660412190419e-07, -2.9089875580590174e-07]
[2.1261572868969125e-07, -4.0139368126523856e-07]
[2.1630238736247698e-07, 3.506505250328029e-07]
[3.2749579497934334e-07, 2.1923930622336218e-07]
[3.794679869356665e-07, -2.8529720571060513e-07]
[1.9866217973452116e-07, -3.9500542232950853e-07]
[2.01945402594772e-07, 3.437377450177248e-07]
[3.365528330988299e-07, 2.1484250783965209e-07]
[3.881498253088811e-07, -2.79304986701423e-07]
[1.8506277582597264e-07, -3.8825234821571186e-07]
[1.8799069447655858e-07, 3.3646556973909725e-07]
[3.4531305019916414e-07, 2.1005171810251078e-07]
[3.9650091546161725e-07, -2.7293962228530644e-07]
[1.7182750797206658e-07, -3.811500676048629e-07]
[1.744470851140767e-07, 3.2885103257163095e-07]
[3.53765656466859e-07, 2.0488342293567552e-07]
[4.0451134522556664e-07, -2.662187874175048e-07]
[1.5896573946072579e-07, -3.737143686177724e-07]
[1.6132273939969966e-07, 3.2091135182543695e-07]
[3.6190055169652013e-07, 1.993542847883445e-07]
[4.12171928976246e-07, -2.5916028334460606e-07]
[1.4648616836199224e-07, -3.659612241441179e-07]
[1.48625129179486e-07, 3.1266387387485217e-07]
[3.6970832391347574e-07, 1.9348111842537596e-07]
[4.1947420396926116e-07, -2.5178201255512955e-07]
[1.343968277223162e-07, -3.579067673342706e-07]
[1.363610361050649e-07, 3.041260483449548e-07]
[3.7718021080046515e-07, 1.8728083665126016e-07]
[4.264103892898108e-07, -2.441019844590109e-07]
[1.2270508784051337e-07, -3.495672667164218e-07]
[1.2453655524186091e-07, 2.953154032148131e-07]
[3.843082450744051e-07, 1.807705463791054e-07]
[4.3297352886328966e-07, -2.3613817117656977e-07]
[1.114176585437221e-07, -3.409591020353542e-07]
[1.1315709967651966e-07, 2.8624952030931183e-07]
[3.9108502854212635e-07, 1.7396734525859658e-07]
[4.391572639150798e-07, -2.2790866364280626e-07]
[1.0054059204622767e-07, -3.3209874020223573e-07]
[1.022274055267891e-07, 2.7694601137384645e-07]
[3.9750387678672006e-07, 1.6688841824458178e-07]
[4.449559744823528e-07, -2.1943152807638033e-07]
[9.00792873070877e-08, -3.23002711660747e-07]
[9.175153794366286e-08, 2.6742249423228337e-07]
[4.035587768437543e-07, 1.5955098482678398e-07]
[4.5036473576842706e-07, -2.1072481305034474e-07]
[8.003849436000188e-08, -3.13687587114031e-07]
[8.17328977276155e-08, 2.576965695832989e-07]
[4.092443819311842e-07, 1.5197227628410692e-07]
[4.5537931021855105e-07, -2.018065267880842e-07]
[7.042228358788982e-08, -3.041699837974532e-07]
[7.217419240035383e-08, 2.477857692639862e-07]
[4.145560052182251e-07, 1.4416951366058584e-07]
[4.599961392626195e-07, -1.926946149605896e-07]
[6.123419646342221e-08, -2.9446642611785645e-07]
[6.307758888129955e-08, 2.377076503967679e-07]
[4.194896128933978e-07, 1.3615988575521598e-07]
[4.642123343778781e-07, -1.8340693897292426e-07]
[5.247703513400204e-08, -2.845934989337273e-07]
[5.4444504793416115e-08, 2.2747959840807574e-07]
[4.240418167850146e-07, 1.2796052786118173e-07]
[4.6802566747161656e-07, -1.7396125469998358e-07]
[4.415301430027441e-08, -2.745677091520182e-07]
[4.6275762818903665e-08, 2.171189225630421e-07]
[4.282098661663458e-07, 1.1958850070631355e-07]
[4.714345607226278e-07, -1.6437519163858827e-07]
[3.6263733599328773e-08, -2.644054933054196e-07]
[3.857156403302975e-08, 2.0664280581117467e-07]
[4.3199163901608273e-07, 1.1106076992090097e-07]
[4.7443807583980036e-07, -1.5466623271877256e-07]
[2.881018545952685e-08, -2.541231971520119e-07]
[3.133149853451478e-08, 1.9606828446927516e-07]
[4.3538559757125284e-07, 1.023941575070686e-07]
[4.770358674674458e-07, -1.4485172296699322e-07]
[2.1792764898220796e-08, -2.437370553720619e-07]
[2.455455629102321e-08, 1.854122284317139e-07]
[4.383909193057811e-07, 9.36054362736527e-08]
[4.792283126303643e-07, -1.3494873614405822e-07]
[1.521127877823769e-08, -2.332631717227862e-07]
[1.8239138657727416e-08, 1.7469132201908266e-07]
[4.4100727486159896e-07, 8.471113940866637e-08]
[4.810162862189937e-07, -1.2497422747885512e-07]
[9.064956535409507e-09, -2.2271749983149292e-07]
[1.2383070638333216e-08, 1.639220450211365e-07]
[4.432349582327022e-07, 7.572765620134092e-08]
[4.824012897197694e-07, -1.149449011129261e-07]
[3.352460836714144e-09, -2.1211582440505694e-07]
[6.983613187738769e-09, 1.5312065493322535e-07]
[4.450748400663951e-07, 6.667118530347127e-08]
[4.833854023722495e-07, -1.0487722121137188e-07]
[-1.928100956671841e-09, -2.0147374310552912e-07]
[2.0374762849106887e-09, 1.4230316899843665e-07]
[4.465283555583899e-07, 5.7557717203504666e-08]
[4.839712675133723e-07, -9.478739490705046e-08]
[-6.779199548945236e-09, -1.9080667665316575e-07]
[-2.459201675630851e-09, 1.314853197709187e-07]
[4.475974919523895e-07, 4.8403017137779725e-08]
[4.841620782555789e-07, -8.469135598029864e-08]
[-1.1203733121800674e-08, -1.801297402903579e-07]
[-6.510702560413861e-09, 1.206826500121938e-07]
[4.4828477565803104e-07, 3.922260863493954e-08]
[4.839615628873806e-07, -7.460474897927338e-08]
[-1.520522213693809e-08, -1.6945789471645156e-07]
[-1.0121920621108949e-08, 1.0991032986518157e-07]
[4.485932589837205e-07, 3.003175761025212e-08]
[4.83373969878409e-07, -6.454291413566376e-08]
[-1.878765722163056e-08, -1.5880581821781092e-07]
[-1.3298210296830426e-08, 9.918325299951292e-08]
[4.485265062172117e-07, 2.0845457009838197e-08]
[4.824040523293549e-07, -5.452087273186482e-08]
[-2.1955520845828858e-08, -1.4818791951864974e-07]
[-1.604540497690543e-08, 8.851599475612204e-08]
[4.4808854570560497e-07, 1.1678384684646326e-08]
[4.810570186399021e-07, -4.455334051667835e-08]
[-2.4713772694973102e-08, -1.3761832279302055e-07]
[-1.8369801846329636e-08, 7.792279776985822e-08]
[4.4728399081067627e-07, 2.544998702232182e-09]
[4.793386517397413e-07, -3.465460485371427e-08]
[-2.7067835695060438e-08, -1.271108536760046e-07]
[-2.0278146176111456e-08, 6.74175590353876e-08]
[4.461178215904582e-07, -6.540640559975913e-09]
[4.772550893927807e-07, -2.4838676578649993e-08]
[-2.902358105238978e-08, -1.1667902558021304e-07]
[-2.1777615141771456e-08, 5.7013817278406265e-08]
[4.445955053486439e-07, -1.5564773795349873e-08]
[4.7481294333795443e-07, -1.5119168078094047e-08]
[-3.0587313140650885e-08, -1.0633602670617748e-07]
[-2.287580141979717e-08, 4.672474124278736e-08]
[4.427229471914984e-07, -2.4513982471545404e-08]
[4.7201924830916897e-07, -5.509309508600069e-09]
[-3.1765754499035737e-08, -9.609470802418585e-08]
[-2.358069658980888e-08, 3.656311808875046e-08]
